# POSITION WT SITE_ENTROPY PI_A PI_C PI_D PI_E PI_F PI_G PI_H PI_I PI_K PI_L PI_M PI_N PI_P PI_Q PI_R PI_S PI_T PI_V PI_W PI_Y
1 M 4.13892 0.0525912 0.0481584 0.0506243 0.0516617 0.0486553 0.0484648 0.0485661 0.17433 0.0583617 0.0346318 0.0305089 0.0479448 0.0481995 0.0233449 0.0274208 0.0485774 0.0375272 0.0237036 0.0463327 0.0503941
2 I 3.65166 0.0526619 0.00886502 0.00555237 0.00626671 0.161767 0.00511064 0.108431 0.0304517 0.170712 0.0151162 0.0296463 0.0672265 0.00466612 0.0370241 0.0177507 0.0151351 0.0343366 0.0919253 0.0241459 0.11321
3 E 3.74664 0.00471985 0.0185697 0.027163 0.016378 0.17706 0.0132516 0.128542 0.0194286 0.0400204 0.0294305 0.00752022 0.0941872 0.0359813 0.064784 0.0897755 0.0397668 0.0691883 0.00548898 0.00768721 0.111058
4 Q 3.93625 0.00681629 0.0147883 0.0240063 0.0872959 0.0339186 0.0755611 0.0112333 0.0438232 0.11732 0.0965155 0.0524947 0.0841052 0.0762204 0.0267432 0.0236435 0.0115413 0.0207814 0.0990536 0.0861986 0.00793995
5 D 3.6924 0.0158584 0.00833604 0.0084575 0.0407373 0.0322152 0.06287 0.0279636 0.0595832 0.155719 0.175234 0.00200981 0.0920284 0.0430612 0.0373609 0.0125712 0.137297 0.047456 0.0124541 0.0215511 0.00723704
6 G 3.60903 0.031378 0.00551328 0.0215935 0.0218524 0.0469626 0.00307577 0.000954265 0.109918 0.165581 0.0069034 0.04849 0.0671024 0.178358 0.00249406 0.00743508 0.0680599 0.0806102 0.0105368 0.0849 0.0382809
7 L 3.43739 0.0242999 0.290577 0.00828051 0.141847 0.00721272 0.092102 0.0134212 0.00510915 0.124478 0.043214 0.0363637 0.00833443 0.0368833 0.0311348 0.0354096 0.0408553 0.00918112 0.0299948 0.0160009 0.00530029
8 H 3.53002 0.0129719 0.0307124 0.0236558 0.108189 0.00569857 0.0461536 0.0343579 0.00503782 0.00854676 0.0722135 0.0732567 0.0361913 0.317937 0.0518444 0.0339515 0.020142 0.00685628 0.0413587 0.0128165 0.0581082
9 A 3.87338 0.0509133 0.00798298 0.0126033 0.0421756 0.0197126 0.076781 0.0184165 0.118953 0.113755 0.111116 0.0308851 0.0605369 0.133395 0.0122065 0.0463718 0.0415845 0.0136514 0.0664287 0.00819842 0.014332
10 G 3.87609 0.0224887 0.0803474 0.0468399 0.0254411 0.0137245 0.15987 0.0191675 0.0158402 0.0209805 0.0411501 0.0415808 0.0203357 0.0437043 0.0649615 0.0560646 0.0279575 0.0601453 0.187081 0.0155008 0.0368175
11 S 3.42936 0.00196832 0.10111 0.0122738 0.0128088 0.0676597 0.00395064 0.0373736 0.0820681 0.00159735 0.105701 0.0536538 0.000906674 0.0359331 0.0585345 0.183924 0.00263253 0.0158791 0.0161853 0.0016156 0.204224
12 P 3.8421 0.0994027 0.0194185 0.0485546 0.0175577 0.0289199 0.0230279 0.0149176 0.0180486 0.0247342 0.0607861 0.0167808 0.0260013 0.202487 0.116132 0.0442451 0.0518286 0.109176 0.032912 0.0252519 0.0198186
13 A 3.8206 0.0535077 0.0143697 0.137894 0.0497199 0.0103561 0.0200941 0.0401642 0.0264616 0.168994 0.11928 0.00730497 0.0150268 0.0108291 0.0336571 0.0654728 0.0749881 0.0676679 0.0526888 0.015047 0.0164754
14 A 4.00516 0.0716581 0.0468042 0.0327189 0.0431098 0.0123596 0.0562375 0.0434205 0.0129905 0.0949002 0.00811531 0.0896144 0.0449102 0.119943 0.01931 0.0482017 0.102815 0.0845708 0.0387943 0.0123711 0.0171545
15 W 3.81196 0.0216578 0.0938708 0.0254936 0.0268442 0.00948492 0.137697 0.0229348 0.0249229 0.0201431 0.12022 0.0219288 0.0179156 0.0160672 0.0494867 0.102377 0.0540547 0.0239505 0.0248136 0.167147 0.0189906
16 V 3.45262 0.0958294 0.0195538 0.00981815 0.0455409 0.0024687 0.0577202 0.00489798 0.00291688 0.288531 0.0221029 0.0080463 0.0377965 0.00378298 0.046465 0.149655 0.0695388 0.0621697 0.024084 0.0274747 0.0216071
17 E 3.93313 0.0194276 0.0164184 0.0775443 0.114716 0.0152121 0.0532258 0.0456059 0.0173826 0.0155263 0.027061 0.0121723 0.0195547 0.0995407 0.0876171 0.0745229 0.133252 0.0252295 0.0339198 0.0914085 0.0206637
18 R 3.35861 0.0132582 0.023982 0.0445619 0.201012 0.00903117 0.0407585 0.0482582 0.0212468 0.326829 0.0311932 0.00998771 0.0358036 0.0233139 0.00788389 0.0521727 0.0479363 0.00939144 0.01305 0.0281522 0.012178
19 L 3.77985 0.0245998 0.0280753 0.0285338 0.0366106 0.0178305 0.0254745 0.018301 0.0325201 0.0278443 0.221324 0.135217 0.0222906 0.0505119 0.0222459 0.0922755 0.0188969 0.0325019 0.1191 0.0180895 0.0277579
20 F 3.82818 0.0525201 0.07485 0.0359099 0.147954 0.0240021 0.00699196 0.0531667 0.0423733 0.137842 0.0238767 0.0355812 0.00525815 0.0533393 0.028077 0.156606 0.0167536 0.0532575 0.0218638 0.0113791 0.0183988
21 G 4.01044 0.0568844 0.0885376 0.0876776 0.0444106 0.0162812 0.160845 0.0235907 0.0203216 0.0684715 0.0360899 0.0240138 0.0555015 0.0224507 0.0180558 0.0375191 0.0938223 0.0295436 0.0681146 0.0215007 0.0263678
22 Y 3.90485 0.0284146 0.108485 0.0466228 0.0298332 0.053114 0.0194651 0.0715554 0.0166307 0.0202116 0.0639808 0.0222707 0.0277377 0.0213728 0.0397278 0.0234225 0.103668 0.0283747 0.0508928 0.0199621 0.204258
23 D 4.03375 0.0244571 0.038011 0.110629 0.0799581 0.0164828 0.0290391 0.0471514 0.110472 0.0374512 0.0319932 0.0110839 0.0667372 0.0320771 0.0419852 0.0639621 0.0291952 0.121716 0.0167949 0.0205446 0.070259
24 W 3.86536 0.0219558 0.117689 0.046658 0.0172139 0.0276086 0.0738605 0.017938 0.0186793 0.0271115 0.116273 0.0161203 0.0601519 0.0175442 0.0648134 0.0570127 0.0485322 0.0226367 0.0191324 0.19082 0.0182499
25 A 4.02485 0.0797207 0.0512497 0.0603026 0.09982 0.0163165 0.0267804 0.0463754 0.0625193 0.0974875 0.0197065 0.0340192 0.00935102 0.022636 0.0690297 0.0192929 0.0613048 0.046706 0.133429 0.013201 0.0307523
26 Q 3.88937 0.0123402 0.0186348 0.016864 0.0849585 0.0294351 0.0186843 0.120337 0.0350976 0.0519324 0.156332 0.015366 0.022629 0.0306251 0.111319 0.0807955 0.0285002 0.02827 0.0167347 0.0941776 0.0269665
27 Q 2.91907 0.005696 0.0147772 0.00537572 0.0170399 0.00629784 0.00974525 0.0240667 0.437943 0.0192731 0.00541522 0.0281564 0.0642006 0.0234088 0.051312 0.0249987 0.0168883 0.0465029 0.185206 0.0072884 0.00640794
28 T 3.8661 0.162744 0.0141678 0.0243969 0.0155824 0.018346 0.0107639 0.134759 0.0276879 0.0181458 0.0293388 0.0545392 0.0524287 0.0449276 0.0223818 0.100622 0.0496636 0.118 0.0275745 0.0164137 0.0575162
29 I 3.9085 0.0192119 0.0245416 0.021057 0.0266823 0.0442965 0.0495325 0.0156181 0.191359 0.0195844 0.106757 0.0876978 0.0295943 0.0244488 0.0977342 0.0179971 0.0840452 0.0333529 0.0511175 0.0281869 0.0271851
30 G 3.7975 0.0561705 0.125229 0.019521 0.0221716 0.0536683 0.215409 0.022214 0.0221061 0.0254553 0.0236461 0.0251434 0.0225747 0.0205547 0.0222255 0.0641691 0.112696 0.0167593 0.0878573 0.0203387 0.0220908
31 C 1.35427 0.0019983 0.00787571 0.00294665 0.0013501 0.00428216 0.00178763 0.00225115 0.0017273 0.741539 0.0182814 0.00208518 0.00162927 0.00225454 0.173357 0.0217554 0.00655847 0.00116818 0.00340066 0.00232286 0.00142855
32 S 3.86614 0.0296687 0.0373281 0.029043 0.0221094 0.0209584 0.0625131 0.0257259 0.0767105 0.0215319 0.0427445 0.0247125 0.0340507 0.0211033 0.020817 0.102479 0.2353 0.060484 0.0825703 0.0269566 0.0231924
33 D 3.31306 0.0267802 0.00984311 0.0287734 0.0111381 0.00522804 0.172114 0.0103267 0.00589891 0.0276251 0.0272862 0.00638659 0.0116722 0.108834 0.0320792 0.0398037 0.194657 0.241713 0.017481 0.00840408 0.0139557
34 A 3.89433 0.163429 0.0261172 0.0195657 0.0803648 0.0204424 0.033112 0.0247347 0.0251528 0.0213651 0.0162247 0.0183429 0.024078 0.0431885 0.132788 0.0804764 0.119082 0.0290204 0.066057 0.038337 0.0181221
35 A 3.58328 0.042241 0.0244291 0.00948931 0.0552002 0.0632095 0.0159652 0.0402589 0.0812874 0.00749711 0.0135879 0.0106898 0.072087 0.0167689 0.0584537 0.0313908 0.106004 0.299531 0.0249871 0.00811639 0.0188057
36 V 3.74515 0.0513832 0.0177252 0.0446064 0.0213187 0.0189583 0.165597 0.0247853 0.0240047 0.0280492 0.0904026 0.0615612 0.0202859 0.0202919 0.0386227 0.0445118 0.0196276 0.0244012 0.23671 0.0238348 0.0233228
37 F 3.73903 0.0256829 0.0259033 0.024696 0.0330345 0.268888 0.0231375 0.0157773 0.032662 0.0303602 0.075812 0.0289355 0.02966 0.0319118 0.0206187 0.017306 0.125784 0.0290651 0.061073 0.0189879 0.0807036
38 R 3.78998 0.0248226 0.0617937 0.0191462 0.0249682 0.0221831 0.045012 0.0774317 0.0225949 0.04435 0.12358 0.0217486 0.0193074 0.0447272 0.0248422 0.232208 0.10817 0.0198477 0.022761 0.0164868 0.0240195
39 L 3.50994 0.0177658 0.0405609 0.0209406 0.0274246 0.0236691 0.305951 0.0207476 0.0152772 0.018977 0.1897 0.0698528 0.0229133 0.0455363 0.0161958 0.0368358 0.0365205 0.02567 0.0229757 0.0171155 0.0253719
40 S 3.49583 0.0126978 0.00936461 0.0163073 0.0194104 0.0152817 0.0251828 0.0481779 0.0435388 0.0156145 0.0105157 0.0124595 0.0234554 0.0137482 0.07859 0.0651928 0.103578 0.294442 0.0334477 0.14477 0.0142243
41 A 3.07894 0.0919571 0.421404 0.0186263 0.0393228 0.00587919 0.0117535 0.00811071 0.00735507 0.028653 0.0043782 0.00495883 0.0860188 0.0169545 0.079441 0.0145285 0.0694306 0.0575571 0.0190119 0.00633716 0.0083218
42 Q 3.74011 0.0496159 0.0108421 0.0623172 0.165546 0.0133408 0.00928366 0.0323495 0.010926 0.0846475 0.0275643 0.0084355 0.00442952 0.102735 0.0653678 0.0763984 0.112096 0.120407 0.0216235 0.0145693 0.00750574
43 G 2.51133 0.0127086 0.0214722 0.0264853 0.00991518 0.0182345 0.0414866 0.0273284 0.00842559 0.0190443 0.00996671 0.00675563 0.0808392 0.00742002 0.0210137 0.0253123 0.602167 0.034141 0.0114907 0.00610877 0.00968497
44 R 3.63285 0.0217752 0.0135676 0.0193185 0.019648 0.0191837 0.11916 0.0144099 0.0314338 0.218082 0.0951582 0.0183561 0.0257458 0.0350825 0.0761203 0.174289 0.0121499 0.0187618 0.0316993 0.0160413 0.0200168
45 P 3.7983 0.022575 0.0110803 0.0559892 0.123979 0.00969204 0.0161619 0.0461065 0.0146993 0.199445 0.0230842 0.0144528 0.0727622 0.095661 0.0682882 0.0939868 0.0348927 0.0327913 0.0137546 0.0165953 0.0340025
46 V 3.27195 0.181597 0.0672223 0.0321934 0.00854199 0.00264382 0.120251 0.00897205 0.00635971 0.00463613 0.0207519 0.0151554 0.0482692 0.0687164 0.00508552 0.00988283 0.0531965 0.293772 0.039599 0.00406143 0.00909131
47 L 3.64014 0.00539416 0.0560688 0.011869 0.0087401 0.147027 0.0145673 0.134922 0.0072091 0.0627209 0.0847435 0.0775535 0.0089531 0.0513785 0.0246326 0.0604708 0.00939352 0.00919402 0.0145151 0.0250585 0.185588
48 F 3.8189 0.0229202 0.0238078 0.027044 0.025559 0.243383 0.0319561 0.0182778 0.0196938 0.02201 0.0882401 0.0233309 0.0272066 0.0286139 0.0740197 0.027496 0.0896058 0.0291302 0.0820399 0.0205176 0.075147
49 V 3.70158 0.0673604 0.0227309 0.0201384 0.0576669 0.0156649 0.0901187 0.0205724 0.0476376 0.0261647 0.12447 0.0530398 0.0214018 0.0237784 0.0215785 0.0229633 0.0224275 0.0226633 0.274535 0.0225316 0.0225563
50 K 3.88217 0.0207524 0.0231826 0.019129 0.0437988 0.0287091 0.0292158 0.0185256 0.0348426 0.20392 0.0205055 0.0252902 0.0417742 0.0273045 0.0503994 0.151902 0.0783116 0.0697946 0.0500714 0.0395617 0.0230092
51 T 3.93351 0.049091 0.0572149 0.070152 0.0171039 0.0234986 0.0260486 0.026238 0.0490952 0.0174392 0.034812 0.0165497 0.0983038 0.0461907 0.117024 0.0367304 0.052019 0.191961 0.0254462 0.0263689 0.0187138
52 D 3.14407 0.328321 0.0894366 0.0167347 0.0933845 0.00326882 0.0104234 0.00330925 0.0878089 0.00192149 0.00742361 0.00500413 0.00856517 0.00440595 0.0551484 0.00213742 0.116754 0.109407 0.0417744 0.0041481 0.0106222
53 L 3.87112 0.0713605 0.00561988 0.00856416 0.0561015 0.0745579 0.00622202 0.0689342 0.0103544 0.139918 0.0229612 0.0243581 0.040797 0.0141315 0.0229376 0.0971988 0.0402346 0.0267745 0.113065 0.0391833 0.116727
54 S 3.71358 0.0276528 0.0164982 0.0171984 0.197704 0.018639 0.0467122 0.175486 0.0776869 0.0118659 0.028896 0.0215569 0.0335031 0.0226993 0.0342129 0.0688263 0.125759 0.0199089 0.0223167 0.0146192 0.0182574
55 G 3.44004 0.0215304 0.0524747 0.0296823 0.0112371 0.0248362 0.0937782 0.363283 0.0168095 0.0139399 0.0703536 0.0125534 0.0188358 0.011862 0.0583002 0.0625045 0.0257137 0.0167822 0.049519 0.00795135 0.0380526
56 A 3.81222 0.103457 0.0103135 0.191443 0.0918042 0.0129423 0.0137436 0.0822281 0.0265725 0.0588543 0.0153931 0.0232076 0.0186518 0.0605964 0.120786 0.021455 0.0502327 0.0257024 0.0396864 0.0159994 0.016932
57 L 3.77324 0.0265283 0.0409253 0.0231682 0.022291 0.0254185 0.0229647 0.0513633 0.0241207 0.0236194 0.21545 0.0736752 0.0343689 0.0949693 0.0213651 0.176973 0.0259339 0.0214184 0.0248637 0.0223971 0.0281859
58 N 4.0317 0.096364 0.0165729 0.0488462 0.0679162 0.0184441 0.0272954 0.067048 0.0259277 0.111736 0.041079 0.029486 0.133965 0.022303 0.0486756 0.0915991 0.050711 0.0229102 0.0238435 0.0201101 0.0351678
59 E 3.90077 0.0538011 0.0397839 0.0719258 0.219081 0.0233428 0.0735436 0.0314838 0.0232783 0.0387878 0.0605046 0.0280492 0.0259155 0.0229425 0.124411 0.0223264 0.0377948 0.0267392 0.0322301 0.025678 0.0183806
60 L 3.84772 0.0256523 0.0178686 0.0614356 0.0350162 0.0312721 0.0147684 0.0426551 0.0710461 0.0163117 0.141475 0.20746 0.0297308 0.0581287 0.0136845 0.0905787 0.0427577 0.0220913 0.0309234 0.0251156 0.0220276
61 Q 3.88294 0.0426828 0.0116941 0.0899889 0.107681 0.0177164 0.0192662 0.12323 0.0288527 0.0797875 0.0170931 0.061615 0.0215796 0.0243914 0.0789142 0.0437082 0.0134768 0.0205667 0.0308494 0.0118105 0.155094
62 D 3.18865 0.0170096 0.0249911 0.107393 0.435856 0.0183798 0.0356595 0.0334563 0.0108892 0.0153595 0.0282129 0.0100579 0.0303593 0.0165102 0.008605 0.0302282 0.0206925 0.0184052 0.0410565 0.0199783 0.0769003
63 E 3.92959 0.0870762 0.0276615 0.0692554 0.155976 0.0196178 0.067557 0.0177165 0.0225346 0.0516786 0.114026 0.0245062 0.0160844 0.0223951 0.125023 0.0411839 0.0421921 0.0216239 0.0245017 0.0337231 0.0156679
64 A 3.85566 0.192667 0.110215 0.0296838 0.081587 0.0246597 0.0431509 0.0175298 0.0289391 0.0474427 0.0155834 0.0190731 0.0176425 0.0306546 0.0265708 0.0334506 0.146379 0.0356833 0.0526135 0.0246415 0.0218316
65 A 3.0679 0.098917 0.0393988 0.0205709 0.0401998 0.0123307 0.00884742 0.0146921 0.013409 0.0125138 0.0138755 0.0564773 0.0162218 0.0436203 0.0182365 0.0200991 0.0362389 0.0109589 0.469406 0.0394071 0.0145787
66 R 3.90093 0.0266188 0.0515509 0.0390091 0.0206765 0.0255836 0.0465143 0.0704725 0.0216322 0.0219738 0.0703343 0.0233604 0.0339185 0.108069 0.0187566 0.194492 0.118602 0.0175548 0.0469953 0.0244984 0.0193868
67 L 3.90795 0.0211921 0.0307753 0.0220255 0.0349706 0.0199146 0.0461111 0.0965534 0.0233332 0.026113 0.193584 0.0688408 0.0249125 0.112523 0.0227376 0.100125 0.047373 0.0356028 0.0311329 0.0194606 0.0227187
68 S 3.90343 0.0979377 0.0148997 0.0245361 0.0406543 0.0160488 0.0546626 0.0159676 0.0534093 0.0898857 0.0162407 0.0200401 0.0452506 0.0178451 0.123642 0.161187 0.0971576 0.0387921 0.0262682 0.0257895 0.019786
69 W 3.89081 0.0381794 0.0693953 0.0367963 0.0272737 0.0295199 0.107415 0.0190561 0.0225279 0.0218049 0.0898561 0.0174431 0.0158941 0.0208435 0.0268851 0.03139 0.0881391 0.0204567 0.023527 0.174683 0.118914
70 L 3.93144 0.0192476 0.0660203 0.0531006 0.0342017 0.0190763 0.0318392 0.0235995 0.0173747 0.0247513 0.191106 0.124608 0.0242883 0.0781515 0.0183728 0.0697321 0.0291744 0.0280547 0.0730471 0.0314289 0.0428256
71 A 3.89427 0.15537 0.0612292 0.0166874 0.129208 0.0217171 0.0664738 0.016611 0.017022 0.0336305 0.015944 0.0286702 0.0376461 0.048697 0.0596546 0.0498316 0.138901 0.0217907 0.0502973 0.0123763 0.0182422
72 T 3.76533 0.04905 0.0393172 0.0236369 0.0149571 0.0229424 0.0480939 0.0316439 0.0260304 0.0695603 0.0237001 0.0105654 0.0606199 0.119178 0.0221198 0.0321465 0.123499 0.231475 0.0169286 0.0166708 0.0178642
73 T 3.70744 0.104833 0.0393314 0.0135788 0.0218586 0.0163511 0.0108247 0.0403105 0.0594687 0.0191084 0.0164011 0.0472773 0.0477392 0.024684 0.0411321 0.0170911 0.0479717 0.28605 0.0458481 0.0202606 0.0798791
74 G 3.37988 0.135109 0.180446 0.0129072 0.0100506 0.0129631 0.269957 0.0233931 0.0107644 0.010788 0.0299009 0.0281996 0.00792684 0.0171279 0.0127884 0.0221763 0.0343402 0.0430689 0.110944 0.0126622 0.0144865
75 V 3.65537 0.121979 0.0348196 0.0413922 0.0124015 0.00952221 0.0145199 0.0154921 0.128106 0.0114442 0.13092 0.0499493 0.0176867 0.0106586 0.0970149 0.0201831 0.0232383 0.0363172 0.195734 0.0126915 0.0159299
76 P 3.60019 0.0120379 0.0178926 0.0145568 0.0136299 0.0121904 0.0319859 0.0430668 0.0161784 0.0180361 0.113495 0.0118191 0.0115713 0.187947 0.158767 0.105337 0.116848 0.0743336 0.010496 0.0147421 0.0150716
77 C 3.74533 0.0304182 0.287477 0.0419942 0.0276523 0.0571858 0.0727349 0.0289813 0.0372436 0.0145279 0.035998 0.0161054 0.00888925 0.0341899 0.0142676 0.0508622 0.0577771 0.0703589 0.0709948 0.0209294 0.0214116
78 A 3.59161 0.264246 0.0191622 0.0139425 0.0796074 0.0150043 0.0453165 0.029395 0.0131121 0.019693 0.0256019 0.0113277 0.0132689 0.0225249 0.06015 0.169608 0.0733304 0.0530632 0.0437099 0.0102967 0.0176385
79 A 3.23387 0.0360102 0.00983614 0.0130952 0.0361544 0.00341831 0.0356171 0.025972 0.250852 0.245349 0.00376786 0.00187477 0.0513094 0.0164771 0.0485977 0.136914 0.0359037 0.0384526 0.00537969 0.00261545 0.00240374
80 V 3.60166 0.0549173 0.0410913 0.0271539 0.0125395 0.0107401 0.0608641 0.0143019 0.163473 0.0127301 0.100298 0.0260712 0.0151311 0.0118789 0.015119 0.115487 0.0170275 0.0125083 0.224783 0.0512006 0.0126837
81 L 4.00391 0.028133 0.0344427 0.0372494 0.13145 0.0180036 0.0482664 0.0237827 0.119063 0.0295747 0.126899 0.0721738 0.0180032 0.0544451 0.0438806 0.0723258 0.020045 0.0390839 0.0449385 0.0148662 0.0233727
82 D 3.82153 0.0221666 0.0279112 0.249517 0.0356308 0.029785 0.0543098 0.0714556 0.0211904 0.0219275 0.0242255 0.0282717 0.0606427 0.0373127 0.0210943 0.0228721 0.0284072 0.0497097 0.0299034 0.0310776 0.132589
83 V 2.45159 0.0394874 0.00796665 0.00577364 0.023245 0.621078 0.0330153 0.0134112 0.0127635 0.0115858 0.0287792 0.0361183 0.00869776 0.00583477 0.00735033 0.0393795 0.0300024 0.00939584 0.0439807 0.00864933 0.0134852
84 V 3.77762 0.12449 0.0769561 0.0191085 0.0282265 0.0166164 0.0334383 0.0170783 0.0399443 0.0146242 0.0565736 0.0285686 0.0194274 0.0162952 0.214934 0.019745 0.0454608 0.0457822 0.135673 0.028498 0.0185607
85 T 3.95978 0.0779916 0.067772 0.0281351 0.019045 0.0322379 0.0295526 0.03003 0.0641131 0.0291085 0.0309936 0.0194888 0.066652 0.0295253 0.0361076 0.0246824 0.0673955 0.221746 0.0604273 0.0321689 0.0328266
86 E 4.07617 0.0791759 0.0393951 0.0861109 0.171121 0.0521674 0.050083 0.0242703 0.0214146 0.0474842 0.0518154 0.0233049 0.0239788 0.0316968 0.0797691 0.0403399 0.0329916 0.0313665 0.0416544 0.0417878 0.0300733
87 A 3.86798 0.125534 0.0156073 0.0168797 0.107453 0.0182461 0.0685496 0.0392665 0.0193502 0.0739007 0.0176776 0.181472 0.0287017 0.0412969 0.0341928 0.0248631 0.0908522 0.0204029 0.0356476 0.0168662 0.0232397
88 G 3.90991 0.0464963 0.109138 0.0660302 0.0217205 0.0230919 0.193868 0.0250525 0.014149 0.0234668 0.02222 0.0329069 0.0408534 0.0237308 0.0278848 0.111878 0.0752749 0.0258397 0.0637226 0.0273379 0.0253362
89 R 3.97956 0.0324113 0.0779421 0.0221129 0.0275326 0.0387624 0.0768173 0.0827487 0.028234 0.0297907 0.0795278 0.0254842 0.0137681 0.0433945 0.0296841 0.189636 0.0865257 0.023712 0.0318208 0.0287777 0.0313173
90 D 3.96264 0.0765757 0.0448404 0.211416 0.0400341 0.0172732 0.0597618 0.0257371 0.0194406 0.0224649 0.0276883 0.0255501 0.0888926 0.0276607 0.0378293 0.0363588 0.0272504 0.07188 0.0288171 0.0432498 0.0672792
91 W 3.84007 0.0214092 0.0625438 0.0220126 0.0199902 0.0387799 0.138962 0.0211939 0.0210357 0.0261841 0.0857854 0.0155902 0.0212043 0.0199939 0.0595183 0.07174 0.0475076 0.0268904 0.0237778 0.214523 0.0413578
92 L 3.85528 0.0278123 0.0416592 0.026119 0.0245784 0.0369365 0.037719 0.0218897 0.0716206 0.0304077 0.260578 0.0809268 0.0295356 0.0808679 0.0619499 0.0378741 0.0299107 0.0215038 0.0289711 0.0258888 0.0232512
93 L 3.91327 0.0219254 0.0487674 0.0285501 0.0295109 0.0533184 0.0353236 0.0257243 0.0214157 0.0249796 0.224587 0.0882296 0.0267722 0.0902446 0.020616 0.0751427 0.031109 0.0317419 0.0684938 0.0291918 0.0243559
94 L 3.65706 0.0207186 0.021188 0.0213423 0.0233735 0.0159072 0.015874 0.0136557 0.0145464 0.0224587 0.267259 0.0911773 0.0188131 0.107217 0.0356604 0.0811371 0.0200613 0.107331 0.0309819 0.0491274 0.0221701
95 G 3.72969 0.0224536 0.0867738 0.0259594 0.013242 0.0143096 0.196601 0.0241947 0.0211816 0.134886 0.0459626 0.0154044 0.0193585 0.0140626 0.0347198 0.130798 0.0627222 0.0146178 0.0881685 0.0123357 0.0222481
96 E 3.61505 0.0394521 0.0352723 0.0134983 0.222239 0.0249374 0.0682579 0.0281983 0.0212126 0.0719373 0.0337043 0.0244817 0.0155146 0.0184674 0.238157 0.0256751 0.0253194 0.0220071 0.0309205 0.0258302 0.0149172
97 V 3.69978 0.0384914 0.0244127 0.0383436 0.0413531 0.02106 0.0571123 0.0208571 0.0143536 0.0320758 0.0890823 0.0188551 0.0219409 0.0265936 0.0202623 0.136719 0.0280675 0.0470733 0.277348 0.0236704 0.0223282
98 P 3.78028 0.01786 0.0273978 0.0217379 0.0169782 0.0180184 0.0429528 0.0135771 0.0235939 0.0284228 0.0526216 0.0195265 0.0233684 0.197815 0.151836 0.0859555 0.0701802 0.115896 0.0287879 0.0237579 0.0197164
99 G 3.73249 0.0500594 0.122724 0.0555184 0.0199098 0.0365853 0.244461 0.0216524 0.0158819 0.0181162 0.0210005 0.0250046 0.0148189 0.0279616 0.0152576 0.0572573 0.100796 0.0265664 0.0894888 0.0178658 0.0190741
100 Q 3.84713 0.0252189 0.0304977 0.0163362 0.0643395 0.0229676 0.0180065 0.095431 0.0211211 0.0990145 0.0874013 0.0167493 0.0167401 0.101198 0.196068 0.0558253 0.0328717 0.048149 0.02331 0.0124763 0.0162784
101 D 3.93268 0.103359 0.0183542 0.175251 0.0257303 0.0167295 0.0444305 0.0360359 0.0123398 0.0154565 0.0266508 0.0466904 0.0474905 0.0267985 0.106768 0.0161021 0.0637367 0.0189134 0.0766443 0.0480285 0.0744906
102 L 3.83653 0.0591395 0.0178662 0.0507667 0.0163852 0.0181126 0.0386279 0.0160715 0.0202712 0.0374973 0.221514 0.088175 0.0285624 0.0915665 0.0370228 0.116593 0.0213036 0.0263562 0.0517381 0.02588 0.0165497
103 L 3.68519 0.0215123 0.0248334 0.0313676 0.0265401 0.0254242 0.025113 0.0224135 0.0317165 0.0329323 0.30128 0.133381 0.0187068 0.0543631 0.0240156 0.0528923 0.0514802 0.029112 0.0438206 0.0213172 0.0277794
104 S 3.83445 0.0200792 0.0295077 0.0154471 0.0181786 0.023308 0.0803611 0.0256777 0.0456826 0.0216572 0.0343676 0.0798327 0.0329221 0.0198663 0.0595011 0.0795469 0.201609 0.146952 0.0299623 0.015684 0.0198572
105 S 3.88341 0.0490001 0.0403476 0.0385757 0.0176901 0.025146 0.0988742 0.023522 0.0635 0.0210489 0.0940248 0.017382 0.0295082 0.0215636 0.0291274 0.100352 0.21429 0.0396032 0.0251345 0.0266339 0.0246754
106 H 3.92692 0.023378 0.0294848 0.0846251 0.102296 0.0146958 0.0465744 0.0998295 0.0129372 0.0213472 0.0128787 0.0287985 0.11866 0.0894368 0.0675576 0.0535011 0.116176 0.0250649 0.013294 0.00928252 0.0301818
107 L 3.68132 0.0179487 0.0195802 0.0215731 0.0196126 0.0217419 0.0266108 0.0184645 0.0440582 0.0247552 0.258299 0.13379 0.0191196 0.126464 0.0548221 0.0368078 0.0229548 0.0253529 0.064003 0.01925 0.0247912
108 A 3.59079 0.148275 0.030237 0.0192374 0.0504204 0.0166195 0.125423 0.0124497 0.0197609 0.0225034 0.0132869 0.0140672 0.0126627 0.223986 0.011257 0.0122707 0.114035 0.0413064 0.079417 0.0160274 0.0167575
109 P 3.81588 0.0466582 0.0184819 0.0354505 0.0262021 0.0174506 0.0281648 0.014822 0.0149833 0.0237834 0.117633 0.0222536 0.0195231 0.214442 0.0926873 0.0368338 0.0430428 0.0968626 0.0852257 0.0244472 0.0210526
110 A 3.79583 0.189112 0.0325167 0.0535924 0.18276 0.0243049 0.0137459 0.0375829 0.0243676 0.0328164 0.0329468 0.015482 0.0290913 0.0248784 0.0443676 0.0200002 0.113838 0.0349051 0.0575796 0.0179062 0.0182069
111 E 3.80758 0.0241064 0.0253399 0.0548155 0.220836 0.019536 0.0672584 0.0162124 0.0486774 0.0136403 0.146437 0.0255982 0.0128666 0.0221784 0.0666525 0.0467204 0.023921 0.0534276 0.0700112 0.0230814 0.0186831
112 K 3.80213 0.0300223 0.015566 0.0263777 0.128601 0.0242275 0.0388476 0.0241803 0.0500813 0.258651 0.0344563 0.020751 0.069594 0.0261241 0.0562924 0.0317834 0.0346972 0.0553936 0.0297827 0.0239432 0.0206278
113 V 3.72309 0.0685609 0.0197145 0.0324364 0.0280509 0.0282428 0.0364736 0.0225001 0.0311134 0.0165568 0.0603883 0.0546358 0.0184134 0.0233001 0.0165775 0.0462279 0.0386147 0.153977 0.262675 0.0193515 0.0221901
114 S 2.91908 0.249272 0.398474 0.0108024 0.0127293 0.0101364 0.0425784 0.00604456 0.0180436 0.0157418 0.0379313 0.00853887 0.0195118 0.012251 0.00960642 0.0436539 0.0523871 0.00992803 0.0185346 0.0100621 0.0137728
115 I 3.80166 0.0172221 0.0153537 0.0650752 0.0402691 0.0295167 0.0173546 0.03119 0.245818 0.0960808 0.0333381 0.0216159 0.0364698 0.0302572 0.0184454 0.037141 0.0485006 0.066734 0.111725 0.0184624 0.0194302
116 M 3.63566 0.0201555 0.0234762 0.0251436 0.0151589 0.0162838 0.0167645 0.0202056 0.112909 0.0454992 0.0216423 0.232096 0.0222542 0.0149357 0.0295853 0.130755 0.0150416 0.130582 0.0752397 0.0132708 0.018999
117 A 3.77015 0.225693 0.0180888 0.026773 0.134802 0.0218951 0.0461354 0.0207152 0.0295351 0.0193936 0.0173743 0.01839 0.0184757 0.0138898 0.0851281 0.0578482 0.101883 0.041995 0.0489917 0.0137832 0.0392095
118 D 3.86473 0.058963 0.06148 0.232123 0.073551 0.0165133 0.0243042 0.0747435 0.0229422 0.0157798 0.0174886 0.0276698 0.0424001 0.0215584 0.0323194 0.0181246 0.0377542 0.025565 0.0681801 0.0308387 0.0977006
119 A 3.77757 0.278979 0.0300014 0.0203562 0.102151 0.0277089 0.0376598 0.0262617 0.0338982 0.0409265 0.021617 0.0230989 0.0267565 0.0376206 0.0212025 0.0276122 0.0956761 0.0428468 0.0368692 0.0447269 0.0240306
120 M 3.61267 0.0184582 0.0241895 0.0302717 0.022656 0.0218487 0.0319631 0.0246321 0.0733383 0.0306961 0.310194 0.135008 0.0218466 0.0209422 0.0278107 0.031202 0.0175245 0.0729844 0.0400058 0.0199583 0.0244696
121 R 3.99913 0.0298892 0.0291349 0.0971009 0.03308 0.0248516 0.0549694 0.018723 0.0302535 0.0406292 0.0860358 0.0244194 0.0258719 0.0555537 0.0488482 0.176946 0.0842678 0.0718736 0.0235681 0.0161695 0.027814
122 R 3.36289 0.0298154 0.014035 0.0360012 0.0201204 0.0223718 0.0291784 0.0241279 0.0263751 0.0484854 0.413667 0.0325604 0.0160355 0.0100876 0.0287182 0.0772493 0.0496806 0.0250981 0.022054 0.0577594 0.0165797
123 L 3.87258 0.0208037 0.0304319 0.0476943 0.0303527 0.0252466 0.0278311 0.0192983 0.0206363 0.0258073 0.210079 0.073984 0.0342187 0.0664499 0.032363 0.138889 0.0233532 0.0345877 0.088266 0.022152 0.027555
124 H 3.99243 0.0402673 0.0210792 0.100464 0.0241874 0.0176275 0.0212562 0.12525 0.0179791 0.0208805 0.0176992 0.0229015 0.0741174 0.112065 0.074167 0.0713705 0.036645 0.0935787 0.0248752 0.0237761 0.0598127
125 T 3.9077 0.0783851 0.0187832 0.0199891 0.0240476 0.0116996 0.0453009 0.0236731 0.0245957 0.0209116 0.0126893 0.168691 0.104729 0.0653431 0.0674129 0.0608429 0.0855627 0.101775 0.0140595 0.0262471 0.0252625
126 L 3.69075 0.0226967 0.0266299 0.0317783 0.0234222 0.0182693 0.0226491 0.0164938 0.0167353 0.0235777 0.234126 0.147822 0.0310203 0.1316 0.0242499 0.0396656 0.0187454 0.0300593 0.0887476 0.015349 0.0363621
127 D 3.38337 0.0234679 0.0180349 0.135455 0.0443082 0.0120955 0.0360005 0.0280152 0.0142987 0.0191967 0.0234925 0.022647 0.0423991 0.0343582 0.0349843 0.0197544 0.382039 0.0171037 0.0181045 0.0213423 0.0529014
128 P 3.83552 0.0258041 0.0232016 0.0274963 0.0249555 0.0179112 0.0292028 0.012635 0.141245 0.0486791 0.0455607 0.0184824 0.0261719 0.220153 0.0875654 0.0563605 0.0443192 0.0658671 0.0150736 0.0352429 0.0340734
129 A 3.95068 0.162787 0.026451 0.020665 0.0811665 0.0329964 0.0225287 0.0301053 0.0180689 0.0227533 0.0480576 0.0362099 0.025089 0.0387319 0.0412385 0.083702 0.151936 0.029284 0.0575365 0.0145637 0.0561293
130 T 3.95764 0.0434428 0.0206972 0.0371159 0.0252899 0.0265 0.0260653 0.0269913 0.0263396 0.0769311 0.0833326 0.0722798 0.0740686 0.0233961 0.0545148 0.0284979 0.063117 0.21133 0.0303181 0.0207625 0.0290099
131 C 3.90216 0.033183 0.259816 0.0306363 0.0295425 0.0794649 0.0550088 0.0358687 0.0293008 0.0283178 0.0355692 0.0288411 0.0215386 0.0283462 0.0303338 0.0560344 0.0564656 0.0578874 0.0260402 0.0336497 0.0441552
132 P 3.81087 0.103475 0.0268705 0.0228368 0.0272929 0.0221922 0.0219394 0.0225513 0.0209445 0.0256868 0.0676632 0.0210561 0.0310667 0.204282 0.129958 0.051347 0.03502 0.109277 0.0169656 0.0152954 0.0242798
133 F 3.7186 0.0295905 0.0282975 0.0193912 0.0312238 0.309913 0.0332392 0.0258822 0.0257651 0.0241641 0.0678634 0.0232449 0.0333884 0.0379319 0.0319019 0.0273093 0.0578812 0.0420092 0.0986976 0.0233315 0.0289743
134 D 3.58907 0.0167328 0.0209049 0.194877 0.0280177 0.0317885 0.0405957 0.0466789 0.0216057 0.0211997 0.0190495 0.0209088 0.0698599 0.0212216 0.273234 0.024718 0.0204356 0.0190824 0.018169 0.0283999 0.0625208
135 H 3.80289 0.0282649 0.0263408 0.0618472 0.0187792 0.0248816 0.022991 0.269075 0.0241672 0.0196988 0.0392163 0.0208187 0.102395 0.0490769 0.0366318 0.0611181 0.0295403 0.0418942 0.0242909 0.0253975 0.0735736
136 Q 3.7953 0.0160921 0.0213567 0.0131697 0.0700762 0.0167762 0.0176696 0.0801268 0.0204758 0.101332 0.0137658 0.0196623 0.0313621 0.0357357 0.188823 0.139521 0.0593756 0.0901751 0.0175095 0.0250598 0.0219356
137 A 2.97077 0.0189685 0.00567532 0.001619 0.0113577 0.0600465 0.00297343 0.00186531 0.364914 0.0211274 0.0544002 0.0786928 0.00285477 0.00297288 0.00909276 0.124932 0.0114603 0.00296287 0.0608915 0.00334719 0.159846
138 K 3.7361 0.0439722 0.021878 0.0225642 0.0542983 0.0221596 0.025247 0.0270913 0.0322406 0.248331 0.0213851 0.0172247 0.031407 0.0268074 0.0368987 0.169079 0.0321386 0.0394285 0.0271989 0.017149 0.083501
139 H 3.99113 0.0813733 0.0149901 0.0585183 0.0192832 0.0727086 0.016634 0.151193 0.0166874 0.0462563 0.0387111 0.0180348 0.11048 0.0722318 0.0912883 0.046873 0.0264914 0.0296317 0.0264676 0.0207256 0.0414209
140 R 3.68461 0.0246 0.0381757 0.0216746 0.0371141 0.0234371 0.0733062 0.062522 0.026924 0.0202202 0.0777093 0.0222798 0.0206285 0.0251395 0.0148218 0.256293 0.165475 0.0268372 0.0212528 0.0158651 0.0257247
141 I 3.08785 0.022475 0.0424157 0.015332 0.0106081 0.0494069 0.017968 0.0154569 0.111728 0.0107834 0.0182431 0.0108519 0.0184655 0.0175577 0.0862988 0.0186103 0.0163756 0.0370576 0.449342 0.0190729 0.0119512
142 E 3.70491 0.035378 0.0318111 0.0200392 0.255041 0.0201436 0.0920569 0.0221331 0.0988395 0.131789 0.0265589 0.0229664 0.0140976 0.0250517 0.0556076 0.0197306 0.0243007 0.0205337 0.0468838 0.0179393 0.0190984
143 R 3.49025 0.0119265 0.21272 0.0101764 0.00917938 0.0107309 0.0170705 0.055631 0.0103509 0.00747889 0.0514784 0.0758305 0.00830583 0.0464984 0.0114549 0.0792963 0.0430852 0.238177 0.0536612 0.0372274 0.00972072
144 A 3.70555 0.252981 0.023786 0.0241637 0.123895 0.0242192 0.0388462 0.0323725 0.0275065 0.0240829 0.0160329 0.0179888 0.0303064 0.0525875 0.0253273 0.0193453 0.144137 0.0425182 0.0399651 0.0202346 0.0197035
145 R 3.91897 0.0419981 0.0407776 0.0202936 0.0146014 0.0781456 0.0562621 0.109197 0.0157972 0.018751 0.0908897 0.0167477 0.0983243 0.0220286 0.0157916 0.146425 0.0516644 0.0217986 0.0242946 0.0160495 0.100163
146 T 3.59675 0.0183252 0.0548722 0.00733658 0.10539 0.00612039 0.00671728 0.0396535 0.155373 0.0527245 0.172573 0.0224369 0.0187359 0.00555761 0.0879782 0.045719 0.018561 0.0281873 0.144599 0.0040917 0.00504697
147 R 3.81585 0.0229614 0.0621835 0.0253077 0.0256455 0.027778 0.0909551 0.0379741 0.0199478 0.0183617 0.0714071 0.0241562 0.0174475 0.0372828 0.0938978 0.211648 0.131062 0.0166115 0.020182 0.0165946 0.0285954
148 M 3.78767 0.0200167 0.0275065 0.0269061 0.0284904 0.0222505 0.0247486 0.0333528 0.159737 0.0653859 0.0694211 0.227333 0.0179482 0.018875 0.0385365 0.0256953 0.0247499 0.0422688 0.0822307 0.020762 0.0237849
149 E 3.86062 0.00753938 0.0463415 0.0234414 0.0352772 0.0199855 0.026014 0.109977 0.118303 0.0813137 0.0819181 0.0977494 0.143162 0.012251 0.0449881 0.0395336 0.0155802 0.00448283 0.0546451 0.00547262 0.0320238
150 A 3.53944 0.114502 0.0831966 0.015199 0.0476642 0.051122 0.0204045 0.32518 0.011425 0.0217366 0.00863797 0.023123 0.0223471 0.0256849 0.0644826 0.0243499 0.0456533 0.0267643 0.0423798 0.00950972 0.0166376
151 G 3.72094 0.0288264 0.0651128 0.0591779 0.205298 0.0133755 0.135327 0.0222417 0.0124951 0.0111982 0.0119618 0.025839 0.139625 0.02242 0.0411292 0.0696526 0.0279578 0.0226664 0.0612296 0.010548 0.0139168
152 L 3.89977 0.0454096 0.0238288 0.01598 0.0222378 0.0192624 0.0308812 0.0200351 0.015872 0.0780554 0.200664 0.116162 0.0739709 0.0461596 0.029321 0.0761456 0.0245515 0.0244852 0.0517824 0.0186538 0.0665406
153 V 2.99223 0.00967676 0.0298283 0.00272948 0.00460951 0.282141 0.00865829 0.0126065 0.0919476 0.0038342 0.105168 0.254856 0.00428777 0.106524 0.00621737 0.00703098 0.00487845 0.00928696 0.03901 0.00917526 0.00753224
154 D 3.92981 0.034411 0.0200053 0.180189 0.0585841 0.0734879 0.0810606 0.0378349 0.0170303 0.0281035 0.034583 0.0212413 0.0342325 0.0233481 0.0211857 0.12969 0.0194882 0.0185656 0.0615977 0.0252784 0.0800832
155 Q 2.85281 0.00173229 0.089596 0.000774788 0.117348 0.00402568 0.00730307 0.00298541 0.0691113 0.00197105 0.0167966 0.0515297 0.00103418 0.00340822 0.00485194 0.00268762 0.00330717 0.0652544 0.103377 0.410485 0.0424202
156 D 3.84666 0.06004 0.0273741 0.189943 0.0268821 0.0128028 0.0223002 0.0507082 0.015916 0.0188829 0.0278092 0.0209522 0.0841923 0.0312255 0.139864 0.024617 0.0357469 0.0719217 0.0168001 0.0211809 0.100841
157 D 3.69746 0.0255505 0.0386104 0.285212 0.0198267 0.0241057 0.109301 0.0220354 0.01232 0.0191745 0.0299555 0.0280481 0.0604491 0.0292995 0.0216129 0.0206926 0.0564979 0.0254976 0.0429731 0.0265466 0.102291
158 L 1.3642 0.000746837 0.00122549 0.000877584 0.00122972 0.715002 0.00102927 0.00231797 0.000650287 0.000800212 0.00588652 0.00423855 0.00130971 0.00218033 0.00240387 0.00234038 0.0013896 0.00269665 0.00142652 0.168816 0.0834334
159 D 3.89742 0.0247088 0.0212491 0.186441 0.119005 0.0181971 0.0429602 0.0416626 0.0141315 0.0130776 0.0238594 0.0215871 0.0636871 0.019967 0.0452593 0.0772039 0.0230511 0.083698 0.0553966 0.019085 0.0857722
160 E 2.97623 0.0237412 0.0417369 0.230115 0.0546288 0.0155275 0.0385623 0.00813471 0.00850408 0.0193081 0.0215108 0.0101412 0.0184332 0.0138752 0.400834 0.0440727 0.0116329 0.00689662 0.0102991 0.00953369 0.012512
161 E 3.8885 0.121035 0.0298689 0.0647205 0.214721 0.0373044 0.0642817 0.0348221 0.0237089 0.0591593 0.0217244 0.0190954 0.020377 0.0416181 0.0792964 0.0571509 0.0242906 0.0205373 0.0303206 0.0202078 0.0157612
162 H 1.91097 0.0106869 0.0169018 0.0111627 0.00476413 0.00615011 0.0745619 0.0496062 0.00698306 0.0108124 0.00511558 0.00547325 0.714128 0.00520553 0.00993007 0.0152093 0.00996101 0.0104261 0.00833481 0.0143429 0.0102448
163 Q 3.14501 0.0406396 0.0120412 0.00363946 0.0221556 0.0765253 0.00237547 0.00504833 0.240993 0.0104607 0.135787 0.204127 0.002441 0.00272555 0.00797732 0.00446499 0.00705429 0.0197878 0.150819 0.00975633 0.0411809
164 G 3.70984 0.0297167 0.102789 0.0379743 0.0274766 0.0169014 0.247507 0.113975 0.00569156 0.0214597 0.0180842 0.0257867 0.0387477 0.0307701 0.0187957 0.036216 0.057375 0.0163662 0.111017 0.0226681 0.0206825
165 L 3.81865 0.0102463 0.0576722 0.00729713 0.0127927 0.116149 0.00668721 0.0136547 0.0680014 0.00935178 0.0564065 0.100845 0.031345 0.0329412 0.0387472 0.0106051 0.0120012 0.0976219 0.128676 0.112534 0.0764254
166 A 4.01635 0.10854 0.0311302 0.0405811 0.0513323 0.0160751 0.0164026 0.029471 0.0407394 0.10677 0.12929 0.0190841 0.0236983 0.0123006 0.037719 0.0401265 0.0864885 0.0727448 0.0657913 0.0543992 0.0173175
167 P 3.19137 0.0366877 0.0282842 0.00612922 0.00862873 0.0112531 0.0383727 0.00509118 0.121497 0.0096492 0.38844 0.0518869 0.00523653 0.0503933 0.0334033 0.0168049 0.0143594 0.0286026 0.115947 0.00814943 0.0211833
168 A 3.58108 0.045969 0.00634689 0.0040809 0.0444995 0.0237684 0.0131916 0.0358656 0.0534778 0.0448355 0.036712 0.0898599 0.00740434 0.0098156 0.0662033 0.0263057 0.310492 0.0943202 0.0263945 0.0377184 0.0227384
169 E 3.78374 0.0341532 0.0214544 0.104393 0.226834 0.0196028 0.0755434 0.017281 0.0238707 0.0578894 0.0191337 0.0215566 0.046887 0.0241615 0.0732717 0.0269643 0.0210669 0.0183369 0.126186 0.0254559 0.015957
170 L 3.57334 0.0189598 0.214119 0.0266737 0.0237839 0.0228794 0.0241082 0.018839 0.0190546 0.0175788 0.239594 0.0666537 0.0192664 0.0946656 0.0249821 0.0692297 0.0175452 0.0172105 0.0227243 0.0195587 0.0225723
171 F 3.87247 0.0284614 0.0432418 0.0361729 0.0146297 0.195698 0.0550572 0.0399588 0.0175093 0.0178929 0.123823 0.0152126 0.0145927 0.0449189 0.0403635 0.111283 0.0463692 0.0165246 0.0626955 0.0599726 0.0156231
172 A 3.66712 0.118274 0.00474618 0.0371713 0.161229 0.0297323 0.0137324 0.046849 0.00519365 0.0838722 0.0145202 0.00949026 0.0208356 0.00910236 0.0909435 0.161462 0.0440907 0.0314481 0.0974441 0.00665291 0.0132088
173 R 2.68877 0.0231742 0.0139846 0.0026907 0.13502 0.0014582 0.00852758 0.0174951 0.00209049 0.00501297 0.11802 0.471442 0.00351708 0.00872232 0.0844132 0.0437835 0.0239458 0.00522611 0.0175986 0.00530717 0.00857089
174 L 3.70469 0.0157583 0.129499 0.0264071 0.0184674 0.0458505 0.0242354 0.0207557 0.0186741 0.0188233 0.255613 0.119276 0.0208819 0.0681102 0.0271796 0.0439328 0.053988 0.0207963 0.0221011 0.0268378 0.0228116
175 K 3.42888 0.0120475 0.0161604 0.00992364 0.0170963 0.0160142 0.0142768 0.00912784 0.0975163 0.0899125 0.249338 0.0127405 0.032105 0.0132302 0.0840847 0.0425928 0.010546 0.0217693 0.211498 0.0229009 0.0171183
176 A 3.83011 0.213336 0.0131848 0.055493 0.0231317 0.0398559 0.0362456 0.0241107 0.0227827 0.0206818 0.0503759 0.00988203 0.0582742 0.033126 0.0956922 0.0865669 0.118885 0.0334638 0.0276538 0.00574466 0.0315132
177 R 3.58073 0.0511358 0.0864776 0.0117587 0.0346658 0.036362 0.0607556 0.0296881 0.0480526 0.00164545 0.0508862 0.0251296 0.074036 0.000571057 0.0162614 0.00209104 0.100325 0.285051 0.0075994 0.0342923 0.0432161
178 M 3.81627 0.00374907 0.0433077 0.00799139 0.0218415 0.140992 0.0100646 0.0725413 0.0134556 0.0508177 0.055297 0.0251474 0.00568641 0.107272 0.0940577 0.0950342 0.00430194 0.0288589 0.0386003 0.0610587 0.119925
179 P 3.77389 0.0192236 0.0157812 0.016633 0.0179143 0.0279095 0.0169935 0.0137419 0.158905 0.0385204 0.0805196 0.0112544 0.013521 0.158191 0.106483 0.0951617 0.0399842 0.0946656 0.0373592 0.0169368 0.0203006
180 D 3.97137 0.0713758 0.0136566 0.0971637 0.0232511 0.161861 0.0322434 0.026939 0.103783 0.0146231 0.0194889 0.0242323 0.0374384 0.0400203 0.0144381 0.0577698 0.0383325 0.054773 0.0223974 0.0554859 0.0907271
181 G 3.76335 0.0313343 0.0754877 0.0159757 0.0195496 0.0272474 0.146053 0.015529 0.0152465 0.0157315 0.0291774 0.0204495 0.0142497 0.0154601 0.0224271 0.0565425 0.0822834 0.0749123 0.168814 0.0136749 0.139854
182 E 3.91595 0.0904608 0.0644948 0.0339962 0.207664 0.0175307 0.06004 0.0154488 0.0189242 0.0321183 0.0221272 0.0243982 0.084291 0.0324559 0.0356412 0.0567349 0.0238431 0.0775742 0.0637881 0.0256019 0.0128667
183 D 3.62396 0.0290217 0.0323464 0.319524 0.0339897 0.018582 0.0624165 0.035158 0.0276848 0.0185911 0.0255995 0.0236366 0.0208718 0.0267896 0.0405192 0.131084 0.0262211 0.0277189 0.0203816 0.0231049 0.0567578
184 L 3.65387 0.0164421 0.0244152 0.0232036 0.0194252 0.0134467 0.020948 0.0159075 0.0208058 0.030532 0.226741 0.088773 0.0241479 0.0910764 0.161444 0.110578 0.021344 0.0238567 0.0126259 0.0219319 0.0323554
185 V 3.62206 0.0673093 0.0237229 0.0351242 0.056546 0.01914 0.0395488 0.0220711 0.0322657 0.0179627 0.0869207 0.048032 0.0191727 0.018888 0.017264 0.0676178 0.0345294 0.0262957 0.329437 0.0164226 0.0217295
186 V 3.72332 0.134128 0.0201925 0.0229624 0.0289159 0.011555 0.0706748 0.0161183 0.0253091 0.0244435 0.0792062 0.0286467 0.0215168 0.0401071 0.0636702 0.0349914 0.017634 0.0631615 0.258184 0.0176131 0.0209701
187 T 3.63123 0.0862475 0.0246285 0.0175764 0.020972 0.0245426 0.02022 0.0720153 0.0315297 0.0223074 0.0180193 0.0188656 0.0942154 0.0217138 0.0171224 0.0326744 0.0884414 0.302986 0.0452736 0.0196274 0.0210199
188 H 3.78394 0.0179348 0.0775896 0.0456082 0.0155422 0.0139457 0.0144057 0.191157 0.0118083 0.0139107 0.0660121 0.018586 0.101785 0.0917666 0.134347 0.0553053 0.0288296 0.0190487 0.0155828 0.0186742 0.0481613
189 G 3.67222 0.0427479 0.132989 0.0534383 0.0120101 0.0219495 0.262365 0.0136325 0.0254317 0.0175044 0.0437393 0.0187411 0.017332 0.0209754 0.0157747 0.049557 0.0981611 0.0368272 0.0795348 0.0137049 0.0235848
