# POSITION WT SITE_ENTROPY PI_A PI_C PI_D PI_E PI_F PI_G PI_H PI_I PI_K PI_L PI_M PI_N PI_P PI_Q PI_R PI_S PI_T PI_V PI_W PI_Y PI_*
1 M 4.35854 0.0474181 0.047507 0.0466916 0.0496247 0.0477671 0.0492275 0.0492269 0.0182136 0.0451289 0.0450324 0.0590085 0.0491446 0.04487 0.0456785 0.0452693 0.0449248 0.0465708 0.0487792 0.0486608 0.0801727 0.0410829
2 K 4.05659 0.0419414 0.0483831 0.00570342 0.0162662 0.108672 0.019304 0.0190802 0.0894302 0.0594649 0.110762 0.0454961 0.0455441 0.024459 0.0525974 0.0241388 0.0448923 0.129463 0.0425659 0.0114607 0.0218529 0.0385214
3 A 3.8683 0.064349 0.0309563 0.0324654 0.00929533 0.0752788 0.00637799 0.0131894 0.0209232 0.00516968 0.199456 0.0901965 0.0635724 0.0125835 0.0198519 0.0067089 0.0679357 0.0278182 0.0772411 0.0527989 0.0862693 0.037562
4 K 4.20996 0.0944465 0.0824246 0.00804944 0.0567038 0.0388793 0.03718 0.0447861 0.0464487 0.0648275 0.0514547 0.0222695 0.0214299 0.0591865 0.0466515 0.0845333 0.0428239 0.0595035 0.0550877 0.0525423 0.0233919 0.00737901
5 L 3.67613 0.136091 0.00829328 0.0323399 0.0289746 0.197166 0.00693486 0.044275 0.103193 0.0763396 0.156871 0.0135214 0.0205677 0.0206679 0.0128934 0.00824177 0.0192601 0.00993382 0.0298435 0.020521 0.0397185 0.0143533
6 L 3.65642 0.0210187 0.0210608 0.00541281 0.00434168 0.110389 0.00735974 0.111419 0.116319 0.011644 0.100861 0.0738139 0.00603303 0.0147199 0.0946048 0.00869962 0.0695965 0.018589 0.0128358 0.168172 0.0190838 0.00402574
7 V 4.00604 0.0289911 0.0544758 0.0308268 0.0232219 0.0634439 0.0111637 0.00622326 0.114774 0.0477607 0.110429 0.0982714 0.0279435 0.00259813 0.0196591 0.0823332 0.00465676 0.0409292 0.0973697 0.0483286 0.0428946 0.0437052
8 L 3.6684 0.0385219 0.0214714 0.00632862 0.00831143 0.16598 0.0227266 0.00910411 0.0535346 0.00982661 0.233088 0.0228469 0.00754876 0.018915 0.0279018 0.0276068 0.0704975 0.0388519 0.0313358 0.0379446 0.0261814 0.121477
9 L 3.68013 0.00573245 0.0606577 0.00736714 0.00409815 0.0537337 0.171463 0.0030951 0.0431665 0.00999328 0.125484 0.156194 0.024063 0.011207 0.0144504 0.0225128 0.0255986 0.0051531 0.0383145 0.103181 0.082405 0.0321295
10 Y 3.62755 0.0915583 0.0224708 0.0106942 0.00268119 0.230701 0.00607072 0.0088636 0.0797405 0.128971 0.0256667 0.0143087 0.0139906 0.00665022 0.0192477 0.0238252 0.116753 0.0296219 0.0248616 0.0120603 0.0763811 0.0548818
11 A 3.96796 0.0892458 0.0457396 0.0149012 0.00458139 0.100305 0.0113065 0.0121103 0.0922763 0.0138066 0.118022 0.0228432 0.0457601 0.0241147 0.0123577 0.0172624 0.0466295 0.0649046 0.127025 0.0629197 0.0291222 0.0447654
12 F 3.7226 0.0276435 0.0905716 0.0159383 0.00537605 0.0703574 0.176981 0.0105324 0.0301754 0.0114479 0.112171 0.0553323 0.00491133 0.00728297 0.0162912 0.0400558 0.15577 0.00641171 0.0765424 0.0549023 0.0143316 0.0169734
13 V 3.8419 0.0705189 0.0257423 0.0179929 0.176074 0.041282 0.0422141 0.0308584 0.0598619 0.0150665 0.0308086 0.0202992 0.0139567 0.0176698 0.0613739 0.037095 0.0980405 0.00722524 0.17864 0.0150573 0.0273152 0.012907
14 A 4.09347 0.144985 0.0772803 0.0130814 0.0798289 0.0591767 0.030865 0.0343775 0.0126132 0.0218158 0.052675 0.0486743 0.0749031 0.0340683 0.0968784 0.0108418 0.0343029 0.0622307 0.0315807 0.0274684 0.0330302 0.0193232
15 T 3.69729 0.114081 0.10544 0.0155716 0.0229592 0.00725033 0.00603425 0.00912568 0.146312 0.015345 0.00545312 0.079185 0.0147246 0.114238 0.00616254 0.013969 0.0883794 0.117664 0.0754509 0.0187911 0.0112936 0.0125701
16 D 3.96833 0.101096 0.0243734 0.126239 0.0540667 0.00722253 0.0102978 0.0485669 0.0208503 0.148248 0.0354437 0.0927951 0.0419442 0.00243318 0.0248931 0.0562727 0.0607845 0.0312694 0.0294861 0.0432097 0.0237248 0.0167827
17 A 3.65867 0.331252 0.0196327 0.0546731 0.014024 0.0175727 0.0709969 0.0407165 0.0283741 0.0409165 0.0110759 0.0354686 0.0268925 0.0250282 0.0292522 0.0126943 0.0531083 0.0318235 0.0407403 0.0310776 0.00675494 0.0779251
18 D 3.42581 0.0529276 0.0191157 0.358706 0.0504165 0.00872452 0.107345 0.0319778 0.00718548 0.0305239 0.0068329 0.0177411 0.0810172 0.0112373 0.0167385 0.0365552 0.00914969 0.012395 0.0759132 0.0256338 0.0183526 0.0215115
19 T 3.5542 0.00595126 0.00165362 0.00422764 0.0407319 0.00830807 0.00433278 0.0320425 0.0584257 0.0654919 0.198486 0.0221937 0.0733277 0.00174171 0.213141 0.0496396 0.057337 0.0653864 0.0523023 0.00270661 0.0365766 0.00599585
20 I 3.31627 0.0117663 0.00381033 0.0311049 0.0377177 0.0124334 0.011313 0.00640371 0.353257 0.159528 0.0953261 0.052031 0.0272636 0.00617625 0.0444965 0.0180376 0.0267241 0.0135156 0.0243015 0.0051358 0.0181274 0.0415295
21 C 3.27382 0.0123835 0.350365 0.179144 0.00499136 0.0892101 0.0126519 0.00848133 0.00322895 0.0323816 0.0234304 0.0150201 0.0103074 0.0249823 0.0139465 0.012835 0.0271003 0.00992403 0.0345041 0.0625936 0.019958 0.0525608
22 I 3.34746 0.0238458 0.0108373 0.113076 0.00841833 0.0169791 0.00477125 0.0174479 0.28458 0.0232301 0.109895 0.0130315 0.0444242 0.00229659 0.00588078 0.00954595 0.0127306 0.0126432 0.146613 0.00511447 0.105992 0.0286476
23 G 2.9901 0.0208214 0.0166974 0.0302941 0.0132765 0.00981678 0.398965 0.0160822 0.00852 0.00775006 0.0114849 0.0118395 0.0156461 0.0447395 0.0102236 0.0184168 0.239535 0.00645961 0.032103 0.0196361 0.0113544 0.0563374
24 Y 3.50981 0.00821574 0.0259622 0.0116256 0.0225936 0.108864 0.0023781 0.0354865 0.0285692 0.0331661 0.00914856 0.0406251 0.0108665 0.00372301 0.0782528 0.00817648 0.00863615 0.117793 0.0570405 0.0577757 0.29981 0.0312904
25 H 3.64381 0.0849972 0.0143931 0.0106789 0.00439713 0.00491207 0.0103261 0.209769 0.0566546 0.108289 0.136052 0.0322053 0.00460764 0.00696121 0.0567366 0.00809872 0.042895 0.0627694 0.0532027 0.00961571 0.07703 0.00540844
26 A 3.2592 0.255034 0.156092 0.00365135 0.00932839 0.00773769 0.00719261 0.00902263 0.0072794 0.00781961 0.00760981 0.0136877 0.0495271 0.00788288 0.0205063 0.00477182 0.0389558 0.0720793 0.12065 0.00732335 0.178365 0.0154824
27 N 3.22119 0.0405751 0.0111929 0.0247313 0.00752283 0.0758196 0.0188875 0.022831 0.036335 0.0430183 0.00981502 0.0101081 0.426681 0.00839662 0.0102995 0.0585973 0.0225554 0.0194481 0.00574313 0.0171413 0.0349539 0.0953475
28 N 3.02356 0.209573 0.0092381 0.0483375 0.0110983 0.0171814 0.0239907 0.0160936 0.0144115 0.021566 0.0147209 0.010437 0.408455 0.00787697 0.00945101 0.00756998 0.0237604 0.0100497 0.00770073 0.0476568 0.0184712 0.0623595
29 S 3.43064 0.0989938 0.0386826 0.00371031 0.0623527 0.0102538 0.0256282 0.0297786 0.00939882 0.0501704 0.00831399 0.0108179 0.0327323 0.0259127 0.0246686 0.00984044 0.31767 0.162657 0.0196565 0.00846624 0.0142901 0.0360056
30 T 3.27577 0.0109166 0.004701 0.00736539 0.0219427 0.00971843 0.01518 0.0761797 0.0274308 0.0160897 0.00916158 0.0299973 0.105763 0.029324 0.016426 0.00995741 0.0355957 0.311759 0.00327119 0.202539 0.00490024 0.0517809
31 D 3.44933 0.0139841 0.0110264 0.292755 0.0596803 0.0147961 0.0168087 0.0844477 0.0159736 0.0448057 0.0073576 0.00488963 0.0239475 0.00454274 0.160418 0.00736629 0.00573033 0.0612655 0.0933887 0.0213405 0.0256321 0.0298435
32 T 3.28312 0.0192777 0.0150088 0.00373726 0.265181 0.00372645 0.0336415 0.0213816 0.0217453 0.00916542 0.0642423 0.0282149 0.0129879 0.0108831 0.0159802 0.0416745 0.0439523 0.285271 0.0219517 0.0140185 0.00487081 0.0630875
33 V 3.26292 0.0203819 0.0104402 0.145842 0.00623557 0.034315 0.012892 0.00437618 0.0998101 0.0886492 0.100709 0.0142382 0.00355448 0.00293034 0.0143513 0.0111063 0.0443444 0.00374712 0.315402 0.00290056 0.00936146 0.0544122
34 D 3.15915 0.0141326 0.00695811 0.466293 0.0543841 0.047531 0.0396458 0.0235867 0.00767953 0.00946235 0.0126089 0.0317716 0.0434589 0.0454309 0.0138467 0.0211998 0.00926309 0.0213272 0.0488198 0.0233541 0.0486591 0.0105872
35 T 2.88333 0.0249472 0.00655852 0.00938012 0.0101302 0.016034 0.0137523 0.0128412 0.0220338 0.0194076 0.00845007 0.0218919 0.02439 0.0225397 0.0223375 0.0137617 0.135177 0.492171 0.0144598 0.00758219 0.0175081 0.0846474
36 I 3.46208 0.035923 0.0550633 0.00349047 0.00897692 0.0561221 0.0215902 0.00339416 0.300191 0.0358636 0.0256351 0.197084 0.013601 0.0330078 0.0206849 0.0128258 0.0176981 0.0620637 0.0199085 0.0115093 0.0437631 0.0216034
37 L 3.63813 0.0238927 0.0583778 0.0889455 0.0152955 0.0427167 0.00488033 0.0138737 0.0228107 0.00574353 0.0871274 0.0107799 0.00947434 0.0153176 0.0236017 0.0738964 0.227408 0.172985 0.0110965 0.0139693 0.0314988 0.0463083
38 E 3.3891 0.0908523 0.00744748 0.0250677 0.385685 0.00812572 0.0293903 0.0353514 0.0247222 0.0273662 0.00480262 0.00987946 0.0524485 0.0046122 0.0456881 0.0497027 0.0668366 0.0136831 0.0215671 0.0545055 0.0171812 0.0250845
39 K 3.41626 0.0177604 0.0277474 0.00848044 0.0348562 0.0118864 0.103995 0.0375194 0.00924814 0.282876 0.011899 0.0321285 0.0162041 0.0175845 0.0171455 0.216631 0.00865123 0.0457305 0.0110442 0.0136407 0.0176109 0.0573602
40 N 3.51119 0.0277808 0.0142017 0.0390662 0.0277863 0.00753007 0.0385382 0.0408953 0.020466 0.0499958 0.0111114 0.0180458 0.366857 0.0222012 0.0214271 0.0524359 0.0441698 0.0116763 0.0213099 0.0142249 0.0510167 0.0992636
41 V 3.55748 0.0428711 0.0541602 0.012326 0.0450025 0.0190438 0.0381826 0.0181442 0.134817 0.0162154 0.0482872 0.0428814 0.0470534 0.00440732 0.0379556 0.00835502 0.00545532 0.0210344 0.320966 0.0521569 0.0124312 0.0182534
42 A 3.85403 0.0970203 0.153503 0.0203428 0.00132651 0.0791718 0.0353388 0.0109892 0.00893853 0.0479273 0.015323 0.0191008 0.00834645 0.0951265 0.0264269 0.041736 0.0513165 0.064175 0.150237 0.0380664 0.0169586 0.0186284
43 V 4.02455 0.0471186 0.0336371 0.0279768 0.0476674 0.0166597 0.0341515 0.0614738 0.0488895 0.0301961 0.0960633 0.0350348 0.0473217 0.0323687 0.0388823 0.0271529 0.0160339 0.0371703 0.224847 0.0365642 0.0369638 0.023827
44 T 3.41261 0.0213257 0.00579151 0.0399249 0.0158911 0.0358856 0.0100858 0.0126939 0.022941 0.0395433 0.0283586 0.0167408 0.0325509 0.120623 0.0180322 0.0111478 0.0465474 0.382287 0.0535141 0.0242012 0.0162041 0.0457103
45 H 3.54187 0.0461945 0.0129996 0.048965 0.0261036 0.0707036 0.0204712 0.300685 0.0058382 0.00694144 0.0347878 0.0726004 0.0351271 0.00952174 0.0546975 0.0159047 0.147998 0.0057682 0.00449828 0.0304712 0.0249956 0.0247272
46 S 3.50757 0.0675791 0.0348645 0.0168085 0.0108977 0.033177 0.00785978 0.0994342 0.0145715 0.0372212 0.0533852 0.0126695 0.0421015 0.025882 0.0167484 0.00708671 0.312367 0.0366788 0.0143854 0.136689 0.00529792 0.0142953
47 V 3.67861 0.0164612 0.0109532 0.0176761 0.0144067 0.0812159 0.0167997 0.0200336 0.0849926 0.0541714 0.0602026 0.046027 0.00728395 0.00521244 0.0608304 0.0352546 0.00615087 0.0313643 0.249399 0.0247232 0.140982 0.0158596
48 N 3.41292 0.00328835 0.00967638 0.0313897 0.0840625 0.02128 0.0040744 0.00711177 0.0254775 0.0398676 0.00828692 0.019391 0.352122 0.0320826 0.0192603 0.0255324 0.0772313 0.108687 0.0108298 0.039688 0.0164316 0.0642291
49 L 3.04426 0.00769728 0.0200064 0.0110257 0.0280548 0.0317793 0.00878555 0.0199534 0.0608766 0.00800317 0.491513 0.0149021 0.0129979 0.0263581 0.077432 0.0222501 0.0186658 0.0171512 0.0314226 0.0165925 0.0217097 0.0528222
50 L 3.04204 0.0249843 0.0267023 0.131949 0.0117856 0.0442496 0.0221345 0.0256876 0.00937269 0.0198455 0.474264 0.0121208 0.00588097 0.0265905 0.020611 0.0138 0.0366922 0.00928634 0.0205303 0.018531 0.0218889 0.0230935
51 E 3.53047 0.175685 0.0361801 0.0592607 0.181673 0.0398728 0.0109254 0.0112074 0.0220818 0.0182655 0.0497691 0.00601167 0.00827393 0.00210323 0.0150044 0.0203751 0.0101495 0.0467036 0.211826 0.00924519 0.040118 0.0252693
52 D 3.81368 0.100658 0.0148698 0.189323 0.0274112 0.00754598 0.0604022 0.0706475 0.0214156 0.0178388 0.0382848 0.0223335 0.106859 0.00891112 0.0104251 0.00476822 0.0831249 0.103047 0.0525257 0.0238629 0.0092667 0.0264797
53 S 3.88901 0.113489 0.00827899 0.00509037 0.168029 0.052695 0.101967 0.067689 0.00460528 0.0533631 0.0304477 0.0253255 0.044093 0.00179119 0.0707614 0.0413459 0.0677289 0.033678 0.0638324 0.0139732 0.0162285 0.0155879
54 H 3.54007 0.0381332 0.0163329 0.0225087 0.0149028 0.00486524 0.0111388 0.273927 0.0400982 0.0194542 0.0148067 0.0551732 0.00371205 0.0406915 0.0472755 0.0433115 0.0226226 0.137201 0.0196832 0.0138579 0.150907 0.00939659
55 N 3.41789 0.00610437 0.00993985 0.0335305 0.0296007 0.18493 0.0305692 0.0158427 0.0294756 0.0289985 0.0081845 0.0289769 0.315178 0.00966187 0.0288505 0.00972846 0.099786 0.0481736 0.0148683 0.014756 0.012446 0.0403985
56 G 3.31303 0.0217918 0.00967661 0.0416132 0.0418883 0.0163431 0.322206 0.0252528 0.087521 0.010617 0.00611373 0.216612 0.0350584 0.0108673 0.0149211 0.0334554 0.0220379 0.0372597 0.0119881 0.00625063 0.009356 0.0191698
57 K 3.66029 0.0830593 0.0150515 0.0129522 0.0172541 0.253462 0.0231058 0.03558 0.0176052 0.157755 0.0419843 0.0465544 0.0234946 0.00509586 0.0243019 0.0598036 0.00532736 0.00626452 0.0499968 0.0504483 0.00921175 0.0616912
58 L 3.18621 0.00609526 0.0126563 0.00579406 0.021537 0.0314363 0.00527061 0.0204584 0.0629225 0.0078841 0.314117 0.0274351 0.0480112 0.0167918 0.0362954 0.0363774 0.0129252 0.00722978 0.0077633 0.0233844 0.025167 0.270448
59 C 3.36591 0.0108003 0.374533 0.0117087 0.0465729 0.0650961 0.0146427 0.00968364 0.0309013 0.00839244 0.012563 0.0243634 0.0286377 0.00655499 0.100488 0.030241 0.0139827 0.00927574 0.0198329 0.0286528 0.0598812 0.0931955
60 K 3.77794 0.0490146 0.00897647 0.0266348 0.0141225 0.0459987 0.0057943 0.101166 0.00874056 0.125254 0.0488333 0.0213258 0.11783 0.00199736 0.0333706 0.152038 0.0870496 0.0370583 0.00350357 0.0199709 0.0853588 0.00596305
61 L 3.1269 0.00600264 0.00702961 0.00652241 0.0258932 0.0167854 0.00914286 0.00434562 0.236019 0.00868804 0.256173 0.0451337 0.0193721 0.0106993 0.00573557 0.00818108 0.00622999 0.00489249 0.121562 0.0058051 0.0503918 0.145395
62 K 3.54188 0.0325488 0.00220401 0.0562268 0.0421575 0.0149195 0.05443 0.244009 0.0035319 0.113817 0.00910153 0.0103156 0.134236 0.0015382 0.0675445 0.0566629 0.0104572 0.00304643 0.00250874 0.0134291 0.0558211 0.0714949
63 G 3.38883 0.0142955 0.0135402 0.0539261 0.0469185 0.0132918 0.318366 0.197439 0.00593669 0.0318669 0.00785485 0.0161054 0.0770964 0.00630527 0.0289998 0.0214715 0.0502378 0.0239382 0.0154039 0.0148671 0.0150403 0.0270988
64 I 3.89833 0.017238 0.0207826 0.0242002 0.024429 0.0240802 0.0205659 0.0341918 0.149396 0.0886043 0.0493549 0.0446922 0.0676279 0.00186505 0.0894403 0.136445 0.0108057 0.0558278 0.0897263 0.00831673 0.0063332 0.0360762
65 A 3.97262 0.10914 0.00642537 0.0286386 0.143326 0.0308681 0.0477342 0.0865882 0.0112524 0.09777 0.0287211 0.0839757 0.078777 0.036432 0.0569262 0.050061 0.0232212 0.0267422 0.0136479 0.0101209 0.0187104 0.0109221
66 P 3.07512 0.0715157 0.020915 0.0202327 0.0122695 0.0102394 0.0437739 0.0273248 0.0204788 0.013419 0.0150939 0.0328624 0.0150924 0.442633 0.00721307 0.0112964 0.0191349 0.00690782 0.0150925 0.0236683 0.0190403 0.151796
67 L 3.22212 0.0067297 0.0176158 0.0141874 0.0113004 0.0245701 0.00563522 0.0303615 0.0631939 0.0152081 0.452016 0.0393982 0.0311611 0.0355735 0.0279922 0.0141733 0.0192627 0.0206407 0.0711846 0.0253791 0.0268736 0.0475431
68 Q 4.05315 0.0297042 0.00472128 0.0895207 0.054826 0.0409895 0.0230926 0.0202842 0.0737821 0.0193257 0.0665491 0.157302 0.0105043 0.0286531 0.0746841 0.0785595 0.0343622 0.0421836 0.0628026 0.0384387 0.0384194 0.0112948
69 L 3.08593 0.00730727 0.00464324 0.0301247 0.0127421 0.00821407 0.0360199 0.0115422 0.0398037 0.00471706 0.40635 0.0311895 0.0158315 0.00589624 0.00649708 0.0920267 0.0219731 0.00765304 0.157387 0.0295073 0.00916563 0.0614083
70 G 3.8935 0.0227364 0.0098971 0.0528964 0.0474741 0.0486594 0.175093 0.0854294 0.00438135 0.0521332 0.0666986 0.0416844 0.0419136 0.0253495 0.103386 0.116008 0.0328265 0.0263607 0.0036168 0.00308767 0.0166004 0.0237686
71 K 3.66597 0.0243948 0.0117449 0.00855436 0.0246622 0.00439093 0.1215 0.00784758 0.0512933 0.0854198 0.0269395 0.0275999 0.0380748 0.132665 0.0646232 0.0340183 0.0491469 0.234797 0.00446031 0.0185627 0.0060876 0.0232171
72 C 3.04195 0.0205762 0.385052 0.00685372 0.0108831 0.0677788 0.00741886 0.0101331 0.0211196 0.0140178 0.00905277 0.150841 0.00776851 0.00814239 0.0154843 0.0158824 0.010658 0.00822856 0.0302749 0.0159849 0.0207139 0.163134
73 N 3.69817 0.0273975 0.0312956 0.0884223 0.0447191 0.004983 0.0564499 0.038644 0.00859096 0.0220556 0.00333627 0.0579655 0.188849 0.00639519 0.0366813 0.0184997 0.17813 0.104379 0.00617 0.00841601 0.0172416 0.0513781
74 I 3.18409 0.00704506 0.0143619 0.00370312 0.00313469 0.0944646 0.00813831 0.0118205 0.251226 0.00315781 0.146914 0.0623312 0.01843 0.0988608 0.0137158 0.00492715 0.00372174 0.0152622 0.207134 0.00864816 0.0048959 0.0181071
75 T 3.69631 0.0202465 0.0711595 0.00292439 0.0110196 0.0126576 0.0223467 0.0176157 0.147284 0.0337966 0.0919316 0.0314048 0.0267428 0.0403063 0.0181129 0.0270428 0.0318377 0.170449 0.179329 0.0030381 0.0188106 0.0219441
76 G 2.88185 0.104979 0.0179237 0.0208743 0.0278781 0.00853532 0.513585 0.00626814 0.00623169 0.0317511 0.0188484 0.0326058 0.0145023 0.00797841 0.0113826 0.0136815 0.0227801 0.00886031 0.0377827 0.0240884 0.0105184 0.0589451
77 W 2.76158 0.0078442 0.0351496 0.0135057 0.0167262 0.0149864 0.0210281 0.0205198 0.0323867 0.0101904 0.0153457 0.0156371 0.013894 0.00644524 0.00878508 0.028012 0.0154821 0.0115996 0.0320227 0.546417 0.0229547 0.111068
78 L 3.0239 0.00947261 0.00463184 0.011929 0.0126167 0.029425 0.0133214 0.0178202 0.0043333 0.00866851 0.390802 0.089199 0.0105538 0.0181277 0.00585012 0.0515302 0.189999 0.00856827 0.0757627 0.00922064 0.00517175 0.0329961
79 L 3.20444 0.0331887 0.0103737 0.0113737 0.0105468 0.00760997 0.00455364 0.00725562 0.1007 0.00503714 0.41086 0.0237025 0.0408126 0.109199 0.00692159 0.0438252 0.0192476 0.0328276 0.0375435 0.0191076 0.024663 0.0406495
80 G 2.42001 0.114367 0.0122386 0.00540728 0.0151498 0.0108683 0.613474 0.00881227 0.00636784 0.0101201 0.00735561 0.0173419 0.0153087 0.0159024 0.0260545 0.0127071 0.0120457 0.010926 0.0276435 0.0233458 0.0114911 0.0230726
81 N 3.03771 0.0259952 0.0145321 0.0455111 0.0130453 0.00442715 0.0112335 0.154498 0.0113983 0.0395084 0.0183523 0.00939054 0.439871 0.00143836 0.0178391 0.0107802 0.0740613 0.0303488 0.0159144 0.0133831 0.0194643 0.0290066
82 P 2.77076 0.0160758 0.0092004 0.026847 0.0389188 0.00964998 0.0126515 0.199987 0.0108809 0.0196451 0.0146774 0.0232539 0.0138485 0.487033 0.00517487 0.0206757 0.0115613 0.026482 0.00968017 0.0078364 0.0115812 0.0243386
83 E 3.84997 0.148942 0.0152347 0.0494456 0.166767 0.02614 0.0813651 0.0152318 0.0194938 0.0108042 0.0548971 0.0662317 0.0947969 0.00164239 0.0408429 0.00888417 0.0423354 0.0270781 0.0260295 0.0096655 0.0764259 0.0177464
84 C 2.62901 0.00785951 0.584413 0.017458 0.0115987 0.0323466 0.0138652 0.00458032 0.00618727 0.0144214 0.00355839 0.0169477 0.0243041 0.0140384 0.00956771 0.0516825 0.017636 0.00780997 0.035168 0.043252 0.0286844 0.0546217
85 D 3.12618 0.0257675 0.0223171 0.38107 0.211291 0.0130817 0.0244483 0.0187442 0.00735213 0.0045059 0.0291533 0.0155352 0.0118515 0.013094 0.0570942 0.00638652 0.0151967 0.0667426 0.0125055 0.00710059 0.0294175 0.0273441
86 S 4.0694 0.063164 0.0184905 0.155424 0.0821512 0.0411434 0.0323446 0.0596556 0.0807967 0.0196928 0.056817 0.0172884 0.0315104 0.0222427 0.0627801 0.0361427 0.0622259 0.0297834 0.0541019 0.0121849 0.061138 0.000921325
87 L 3.24283 0.0251027 0.0209349 0.0503163 0.00849035 0.00457437 0.00891562 0.0308487 0.109764 0.00646803 0.41877 0.0347089 0.00585081 0.0296082 0.0617189 0.0195623 0.0190252 0.036842 0.0540923 0.0124582 0.0152496 0.0266984
88 L 3.66674 0.0241432 0.00433197 0.00708632 0.0996578 0.0182753 0.0237776 0.0131994 0.0838751 0.0544683 0.139317 0.166965 0.00821926 0.00768659 0.0355043 0.00439619 0.029043 0.0242273 0.0221706 0.167568 0.0103671 0.0557207
89 P 3.93873 0.0366323 0.000928143 0.0434236 0.0424269 0.139027 0.0565276 0.0411482 0.101321 0.0385623 0.129396 0.0275883 0.0545179 0.0684958 0.00872104 0.0283457 0.0367217 0.0294772 0.0230861 0.00151453 0.0880598 0.00407902
90 A 4.13016 0.0822165 0.017167 0.0579013 0.0515772 0.0665342 0.0404722 0.0510588 0.0920958 0.0746653 0.0615077 0.0629183 0.0296838 0.0262597 0.022379 0.012505 0.0418181 0.120253 0.0351266 0.0147701 0.0340944 0.00499615
91 R 4.01561 0.0266226 0.012366 0.0135222 0.086316 0.0384511 0.0176696 0.103429 0.0803425 0.0248467 0.0491214 0.0305148 0.117174 0.0070744 0.0496034 0.110891 0.0318664 0.031954 0.077514 0.00666991 0.0657972 0.0182536
92 S 4.01821 0.0128417 0.00617632 0.0398443 0.0463935 0.0568229 0.0483496 0.0718647 0.0657374 0.0417684 0.0441894 0.176743 0.014898 0.0428106 0.0626899 0.0200199 0.0797315 0.0521929 0.0209221 0.0119646 0.076485 0.00755409
93 W 3.13342 0.00369793 0.125613 0.101668 0.0116221 0.183955 0.0137129 0.0106296 0.00563404 0.0300245 0.0249659 0.0137735 0.0172176 0.0128321 0.0076633 0.0204632 0.0113219 0.00613389 0.0100758 0.343365 0.00947881 0.0361519
94 S 3.05417 0.0546336 0.0417154 0.0303067 0.0202428 0.0299711 0.0955424 0.0128897 0.0101567 0.00627341 0.00342275 0.00971997 0.00863288 0.0149081 0.0277467 0.00601732 0.459025 0.0178005 0.0111957 0.0492101 0.0108201 0.0797684
95 Y 2.66587 0.00699369 0.0261079 0.0374277 0.00483644 0.0367266 0.0168944 0.0195368 0.00371454 0.0229767 0.01225 0.00962132 0.0214177 0.0104699 0.0270453 0.0225043 0.0198316 0.0158056 0.00712626 0.0131032 0.568494 0.0971166
96 I 3.00448 0.00679221 0.032407 0.00476361 0.00943478 0.0328341 0.00767257 0.0135836 0.435839 0.0087615 0.0758592 0.0232794 0.0204076 0.00975385 0.0115208 0.0101977 0.0292381 0.0360627 0.173572 0.0294595 0.00965003 0.0189105
97 V 2.98893 0.0345937 0.0145826 0.0201075 0.0274441 0.0118783 0.0113616 0.0252462 0.220149 0.0099266 0.0490937 0.0199761 0.0153176 0.00893752 0.0209662 0.00341385 0.0066607 0.0214612 0.420364 0.0191457 0.0132836 0.0260895
98 E 3.26571 0.0105009 0.00972882 0.0259606 0.384932 0.0486407 0.0283273 0.00940358 0.131508 0.0259087 0.0216464 0.0223103 0.00939622 0.00495378 0.104899 0.00627057 0.0228869 0.0265082 0.0526722 0.0106839 0.0147381 0.0281229
99 T 3.63759 0.11496 0.00665804 0.0938206 0.0985692 0.0113325 0.031417 0.0357119 0.0128791 0.0143796 0.0436533 0.00902068 0.00538118 0.0369 0.256234 0.0554578 0.0448128 0.0768431 0.0241654 0.00547204 0.0100395 0.0122929
100 P 4.04825 0.108249 0.00407124 0.0195438 0.0642688 0.0460305 0.107246 0.0846142 0.0687058 0.0365302 0.0453076 0.0137049 0.0319583 0.114568 0.0409973 0.047699 0.0275636 0.0115208 0.0522545 0.0228387 0.0475658 0.00476284
101 N 3.83201 0.0401684 0.0343404 0.14281 0.0131005 0.135531 0.12277 0.0225415 0.0243901 0.0162548 0.0884082 0.021172 0.126859 0.0117467 0.020683 0.0513703 0.0516498 0.0185507 0.00948223 0.0163597 0.0266956 0.00511671
102 S 3.46017 0.109163 0.036971 0.00444621 0.0147699 0.0244626 0.144101 0.00707851 0.00807903 0.00320923 0.00356162 0.0155591 0.0124864 0.0518403 0.21838 0.010946 0.135458 0.0858473 0.087742 0.016225 0.00172692 0.00794632
103 E 3.94806 0.0345905 0.00409873 0.0081946 0.151301 0.0172849 0.0436781 0.0562816 0.144187 0.0235831 0.0529545 0.0566374 0.0853629 0.0839227 0.0523105 0.0182483 0.0461393 0.0213232 0.0497743 0.0100815 0.0285655 0.0114804
104 N 3.7461 0.0355583 0.0248008 0.023639 0.198693 0.109912 0.0114202 0.170267 0.010741 0.0274371 0.042761 0.0199478 0.0766186 0.00202971 0.0719651 0.0122774 0.0312079 0.0179365 0.0273548 0.0345969 0.0430272 0.00780905
105 G 3.11609 0.0479607 0.0227747 0.0358944 0.023038 0.00768622 0.470926 0.0257544 0.00583722 0.0818657 0.00890533 0.025717 0.015048 0.0215348 0.00979922 0.0191803 0.0634357 0.0128267 0.0110641 0.0263712 0.0351727 0.0292072
106 A 3.36544 0.16564 0.0382037 0.00729397 0.0932862 0.0209343 0.0113668 0.0119052 0.0151722 0.0039148 0.128808 0.0107168 0.0217333 0.194911 0.0115625 0.00301932 0.032194 0.0144756 0.189075 0.00446692 0.00195158 0.0193683
107 C 2.69443 0.020243 0.529464 0.00764008 0.00595692 0.0590723 0.0124216 0.0104313 0.0120863 0.019953 0.00598912 0.0464539 0.00748687 0.00655075 0.00657347 0.0230155 0.0190126 0.0106285 0.00428996 0.0278153 0.0292079 0.135707
108 Y 2.90752 0.0284777 0.0353275 0.0227897 0.0133906 0.0282017 0.0176515 0.0340913 0.0194199 0.0114253 0.00998521 0.0338446 0.0465138 0.00941743 0.00693044 0.0131825 0.0114146 0.0190898 0.0245147 0.0165028 0.532777 0.0650517
109 P 2.51626 0.0211995 0.00951834 0.00691982 0.0163697 0.00586915 0.00405738 0.0202046 0.00476023 0.0150983 0.0281956 0.0112221 0.00590466 0.584523 0.00518069 0.0157702 0.0175266 0.0113213 0.0980806 0.0597549 0.00870486 0.0498182
110 G 2.68732 0.0257152 0.0332021 0.0108936 0.0437815 0.0259165 0.584403 0.00879086 0.00949847 0.0145396 0.00371325 0.0483823 0.013595 0.0169616 0.0108503 0.0185844 0.0199915 0.0154922 0.0193041 0.0347034 0.02665 0.015031
111 D 3.88783 0.142978 0.00880968 0.139893 0.105486 0.00899441 0.0601231 0.0113189 0.0539786 0.0335239 0.0577927 0.0366521 0.0186597 0.105911 0.00976233 0.0280325 0.0308232 0.0716862 0.0276159 0.00662589 0.0286664 0.0126664
112 L 3.1279 0.00372423 0.0113739 0.00743397 0.00446431 0.0760416 0.00474509 0.0286654 0.134685 0.00544761 0.349251 0.117095 0.00943465 0.0101763 0.0072906 0.00835487 0.00875207 0.0637699 0.0376983 0.100396 0.00432789 0.00687162
113 I 3.84131 0.147813 0.0115864 0.0383825 0.0105359 0.0506607 0.00718067 0.0944188 0.0717659 0.0540162 0.0512161 0.0498808 0.0199868 0.00149167 0.0926146 0.0230545 0.12093 0.102853 0.0250713 0.00517557 0.0168573 0.00450881
114 D 3.67289 0.158965 0.00971176 0.219058 0.0573148 0.027488 0.0213866 0.094255 0.0027241 0.00694151 0.0481645 0.0281035 0.0713583 0.00931277 0.0573989 0.0077186 0.0809904 0.00776824 0.00744218 0.0293441 0.0271128 0.0274404
115 Y 3.76626 0.0547469 0.023915 0.0105908 0.0114624 0.0203057 0.0263502 0.0359037 0.151343 0.00791509 0.0874957 0.0250099 0.0313884 0.0304486 0.0608531 0.0120192 0.141543 0.0547895 0.0159006 0.00908283 0.178168 0.0107686
116 E 3.37203 0.0821449 0.0147876 0.00869108 0.340089 0.0239558 0.0859246 0.0119492 0.00506457 0.0282286 0.00996754 0.0217336 0.00733813 0.106336 0.112401 0.00677008 0.0326607 0.008198 0.0180446 0.0202535 0.0373601 0.0181007
117 E 3.00496 0.0248961 0.00721845 0.0317238 0.504921 0.0116044 0.0316585 0.00704973 0.0245078 0.0379576 0.00552415 0.0494597 0.0217672 0.0216902 0.0276988 0.00670385 0.014989 0.0621848 0.0209202 0.0438554 0.00932361 0.0343459
118 L 2.76459 0.0157068 0.0124767 0.0267396 0.00762103 0.0422044 0.0102261 0.00720079 0.0780615 0.0145996 0.553691 0.0405343 0.0090735 0.0206898 0.0311102 0.0122996 0.00546489 0.00973534 0.0261008 0.0181906 0.018087 0.0401865
119 R 3.47457 0.0142938 0.0138287 0.00584013 0.0112893 0.049428 0.0166815 0.0832478 0.0597308 0.0785355 0.0189053 0.00726298 0.016678 0.00982841 0.0149784 0.323522 0.0113187 0.0414674 0.0379923 0.0484219 0.126001 0.0107482
120 E 3.1598 0.0256158 0.0148909 0.0363352 0.478409 0.01914 0.0268542 0.0169593 0.00785663 0.0510427 0.0141751 0.0402663 0.0362655 0.00394003 0.0447986 0.0327094 0.0320549 0.013008 0.03133 0.0262535 0.0340687 0.0140264
121 Q 3.47231 0.0211886 0.0165678 0.0217221 0.0318566 0.0161483 0.00563408 0.0765103 0.0109947 0.0232667 0.0345086 0.0143425 0.0313543 0.00604344 0.375894 0.0790833 0.0418841 0.0496096 0.0167671 0.0371056 0.0380823 0.0514361
122 L 2.81246 0.0120981 0.00609139 0.00974254 0.0112505 0.0141333 0.00231078 0.0157928 0.286962 0.0121212 0.379146 0.0378985 0.0060349 0.00453019 0.0147969 0.00524109 0.0366649 0.0110386 0.0829283 0.0184289 0.00772327 0.0250657
123 S 3.75533 0.0766342 0.0436582 0.00703749 0.0528572 0.0775451 0.192886 0.0236106 0.00995675 0.0308207 0.0143936 0.0168965 0.0588153 0.0062511 0.0573902 0.0216303 0.14244 0.114162 0.0258997 0.00787444 0.0125332 0.00670772
124 S 3.88126 0.113858 0.0133303 0.0487301 0.115287 0.0285345 0.10087 0.0244029 0.0647997 0.0071034 0.0229517 0.061722 0.013579 0.0128622 0.0306272 0.0585999 0.156351 0.0248609 0.025949 0.0064979 0.065837 0.00324675
125 V 3.41295 0.0979474 0.042461 0.00319481 0.0146351 0.0238399 0.00983259 0.00654769 0.21671 0.00451984 0.105975 0.0603877 0.0118666 0.00252463 0.00591163 0.00127706 0.0552931 0.120461 0.178724 0.0182287 0.0105291 0.00913472
126 S 3.97312 0.0341504 0.00697073 0.0808671 0.0371508 0.045085 0.0148492 0.0224265 0.127354 0.0291084 0.121619 0.0153737 0.0332291 0.00853841 0.0479385 0.0856224 0.0864188 0.0840607 0.0408287 0.0117191 0.0637036 0.00298623
127 S 3.9037 0.0461503 0.00703359 0.112323 0.0774239 0.0644852 0.064123 0.00451641 0.0103947 0.0955175 0.0416101 0.0146408 0.0208854 0.0137801 0.140992 0.0519998 0.111442 0.0232751 0.0477235 0.00604114 0.0361493 0.00949254
128 L 3.65213 0.164599 0.0107285 0.00533868 0.00514681 0.0781866 0.0166585 0.0285741 0.0502762 0.0183544 0.180626 0.0665986 0.00270835 0.00261121 0.0255537 0.00302606 0.0353238 0.0571899 0.0649844 0.134312 0.0361704 0.0130336
129 E 3.53714 0.0155213 0.0075718 0.0449658 0.340618 0.011505 0.0161245 0.0634347 0.0170475 0.023469 0.0196493 0.107323 0.0360821 0.0142293 0.0251495 0.0139201 0.0644834 0.0625752 0.0306777 0.00927631 0.0526985 0.0236776
130 R 3.16864 0.0121361 0.0167196 0.0159021 0.0230221 0.0127344 0.0365675 0.0235683 0.0373739 0.0673114 0.0181631 0.0306652 0.0123742 0.0450858 0.0158067 0.470463 0.026633 0.0264759 0.0151607 0.0182494 0.0124568 0.0631306
131 F 3.29792 0.0178847 0.0202897 0.0262319 0.0265321 0.431111 0.0353494 0.0160609 0.0649414 0.0185286 0.0273095 0.0235335 0.0136529 0.00570609 0.0147533 0.00675274 0.0243875 0.0187129 0.0461613 0.0427132 0.0758057 0.0435819
132 E 3.54222 0.0172939 0.0284028 0.0346504 0.328793 0.0121319 0.038564 0.0133491 0.0234859 0.0217241 0.0237449 0.0196089 0.0531492 0.154698 0.0310184 0.0148793 0.0312661 0.0143998 0.0520641 0.019341 0.0118748 0.0555602
133 I 3.52296 0.0330951 0.0226045 0.0162543 0.0107778 0.0671592 0.00917666 0.0153054 0.306389 0.0419511 0.143801 0.101221 0.023127 0.00757196 0.0115323 0.0169358 0.00716138 0.0297437 0.0594638 0.0248321 0.0297323 0.0221644
134 F 3.03404 0.0236221 0.0250254 0.0130888 0.0143088 0.442777 0.00527751 0.012922 0.024974 0.028649 0.0276601 0.152483 0.00825993 0.00386124 0.010228 0.00848925 0.0339352 0.00881529 0.009419 0.0366724 0.075528 0.0340035
135 P 3.54201 0.0160607 0.00791936 0.264417 0.0701818 0.00663412 0.00918069 0.00613768 0.00794099 0.131357 0.00836456 0.00621967 0.0551425 0.125841 0.0528879 0.0658351 0.0564059 0.0239244 0.0184737 0.00879917 0.0275719 0.0307052
136 K 4.04576 0.0478597 0.0224938 0.0544383 0.0505165 0.157476 0.0455819 0.0133306 0.0110429 0.106645 0.0639765 0.0209799 0.00547118 0.0375449 0.0452772 0.0386925 0.0494493 0.0616793 0.0601354 0.0211859 0.0770777 0.00914532
137 E 3.74794 0.143632 0.00220824 0.077266 0.189894 0.0166217 0.0544659 0.0300819 0.0141342 0.0131468 0.0386225 0.0521905 0.129111 0.0140611 0.0310379 0.00444974 0.0568565 0.0526022 0.0427678 0.00306183 0.0211277 0.0126598
138 S 3.55224 0.0226995 0.000941765 0.00738167 0.0821638 0.0165204 0.126956 0.0168234 0.0612412 0.0127431 0.0796002 0.0698566 0.294035 0.0115765 0.0202508 0.0270256 0.0503653 0.0175934 0.0348741 0.0261279 0.0159328 0.00529095
139 S 3.65511 0.228392 0.0130939 0.00656268 0.00720542 0.0379138 0.0479764 0.0397854 0.023407 0.0226803 0.0121116 0.0441442 0.0255313 0.00271738 0.0868993 0.00930953 0.092643 0.116024 0.0578705 0.113667 0.00908609 0.00297848
140 W 2.76438 0.0110102 0.0134295 0.00545745 0.0101972 0.204143 0.0264649 0.0238554 0.00823108 0.00409499 0.0123877 0.020344 0.00406074 0.00278763 0.00914288 0.0136023 0.00951159 0.012003 0.0183986 0.456519 0.0515562 0.0828021
141 P 3.81443 0.0353941 0.0595201 0.0177767 0.0705663 0.00615159 0.0446353 0.00807748 0.0331434 0.0121064 0.040795 0.0473566 0.0332663 0.216106 0.166967 0.0550985 0.0485349 0.0230562 0.0310772 0.0109538 0.0197171 0.0197005
142 N 2.7702 0.00835226 0.0251652 0.0230116 0.0273194 0.00756079 0.0296242 0.0288121 0.0248385 0.0208933 0.0107817 0.00964343 0.574507 0.0321541 0.0429376 0.0174344 0.023182 0.0170149 0.0172357 0.0264689 0.0185723 0.0144902
143 H 3.39408 0.0202092 0.00498942 0.00940918 0.0083602 0.0433273 0.00301817 0.211446 0.0192037 0.00635762 0.0202138 0.0131149 0.0414794 0.00272285 0.0297641 0.0198568 0.0742064 0.118216 0.0333745 0.0281141 0.266442 0.0261747
144 T 3.14831 0.0471314 0.0102727 0.0500816 0.0188321 0.0102994 0.187675 0.011454 0.0191943 0.136026 0.0181878 0.0195426 0.0078492 0.0078513 0.0154549 0.00970738 0.0379363 0.35235 0.00366119 0.00880269 0.01061 0.0170796
145 F 3.65477 0.074636 0.0367327 0.155115 0.251868 0.107705 0.0199373 0.0210801 0.0207537 0.00696165 0.0125455 0.0292798 0.0480429 0.00601449 0.0207003 0.00953973 0.0373171 0.0194427 0.0257993 0.0603318 0.0208094 0.0153875
146 N 3.85491 0.0810554 0.0150153 0.0665111 0.0492908 0.0693904 0.0684148 0.0481552 0.0135763 0.0135642 0.00878958 0.0197345 0.0794397 0.0229276 0.186647 0.0207114 0.0215439 0.0228654 0.0264288 0.0143915 0.143042 0.00850602
147 G 3.59868 0.0487573 0.014472 0.0190831 0.0205423 0.0236483 0.336407 0.0491375 0.0648313 0.0625078 0.0152859 0.0123512 0.0386008 0.0290707 0.0513901 0.0998796 0.0253823 0.0247487 0.0139401 0.0204047 0.018534 0.0110255
148 V 3.72573 0.0481652 0.00442269 0.0284165 0.0181443 0.0150064 0.0102592 0.0412703 0.164498 0.089999 0.00731818 0.041444 0.033344 0.00961934 0.0206352 0.0937732 0.0822928 0.12894 0.138349 0.00421615 0.0150516 0.00483587
149 T 2.15107 0.0176441 0.0206059 0.00621346 0.00737592 0.00316147 0.0037922 0.00767007 0.0161441 0.0308755 0.00290077 0.0160796 0.012262 0.00737503 0.00846245 0.00530212 0.606416 0.193635 0.00428655 0.0139086 0.0111032 0.00478694
150 V 3.26999 0.178252 0.00159356 0.00758261 0.00672133 0.102515 0.0053404 0.0224186 0.0116894 0.0119227 0.0548301 0.0103394 0.0109063 0.00217494 0.182509 0.00732016 0.205187 0.0100743 0.0207741 0.121114 0.0247509 0.00198351
151 S 3.24824 0.203672 0.019105 0.00693231 0.0103012 0.0171608 0.0183686 0.0403069 0.0122223 0.0131957 0.157236 0.0113853 0.0269491 0.0233379 0.00887729 0.0145222 0.300631 0.0671254 0.0157661 0.0093033 0.0110859 0.0125169
152 C 3.02565 0.0127017 0.506509 0.0275054 0.0105404 0.0278489 0.0349264 0.0124185 0.0086635 0.042911 0.0258916 0.01345 0.0130366 0.0145258 0.0254868 0.0343571 0.0524836 0.0169485 0.0134169 0.0346609 0.0575252 0.0141921
153 S 3.87431 0.0347505 0.00278684 0.0226153 0.071966 0.00973328 0.0961321 0.00389534 0.0724682 0.0355489 0.0688867 0.0132082 0.112026 0.100921 0.110379 0.0620168 0.0415527 0.087702 0.0416107 0.00499525 0.00242348 0.0043822
154 H 3.79318 0.181919 0.0416695 0.0352524 0.0334231 0.00803765 0.00818223 0.0618571 0.0520421 0.0336957 0.027522 0.0107911 0.00350952 0.00489702 0.0633058 0.0663069 0.0617502 0.177868 0.0546659 0.0213967 0.0475715 0.00433624
155 R 3.98879 0.0413207 0.0065608 0.00949918 0.0733944 0.0142714 0.0340875 0.0749578 0.0350707 0.038191 0.109562 0.0310661 0.0428646 0.00171179 0.0751906 0.0612963 0.0378546 0.0601049 0.0745883 0.0202089 0.149681 0.00851705
156 G 3.74818 0.083301 0.0204824 0.195634 0.0741053 0.0170794 0.124445 0.0165009 0.00853951 0.0740407 0.00736697 0.0644317 0.0491488 0.00676308 0.0718373 0.0230067 0.0870568 0.0368528 0.00496696 0.0273741 0.00439769 0.00266804
157 K 3.92011 0.0377827 0.0108565 0.0243324 0.0780125 0.00977334 0.0748662 0.0356932 0.0685968 0.0728186 0.0335826 0.0962669 0.0118295 0.0083383 0.0236296 0.0276688 0.0775083 0.190688 0.0345495 0.0139508 0.0597775 0.00947761
158 S 3.74059 0.0328154 0.0126646 0.00748232 0.00834175 0.0105514 0.0174035 0.0484676 0.0284874 0.0316871 0.190295 0.0455989 0.0235118 0.106543 0.0297772 0.0199464 0.0945164 0.149047 0.0171931 0.0164408 0.104049 0.00518037
159 S 3.63684 0.0876683 0.0129581 0.0704385 0.150719 0.0084621 0.192824 0.0876761 0.0316584 0.0560453 0.00826771 0.0131943 0.0379571 0.003749 0.0558089 0.00738573 0.10927 0.0399326 0.00370388 0.00495659 0.00465694 0.0126674
160 F 2.70019 0.0321112 0.0282846 0.00872381 0.00856916 0.581751 0.00623302 0.0318324 0.0376014 0.00960526 0.0176308 0.0391145 0.0120678 0.0111402 0.00924492 0.0105383 0.0250352 0.0194233 0.031387 0.0288682 0.0370183 0.0138202
161 Y 2.83461 0.00541924 0.0322339 0.0141474 0.0488167 0.275311 0.00655444 0.0280244 0.0162761 0.00645136 0.00705037 0.0102572 0.0148734 0.0106003 0.0256765 0.00479146 0.0169556 0.00915697 0.00950836 0.0422405 0.401098 0.0145559
162 R 3.32069 0.0173972 0.0281004 0.0132278 0.0203061 0.0105861 0.0208566 0.114876 0.0423054 0.12565 0.00410565 0.0120437 0.0128367 0.00962793 0.0240974 0.348416 0.107312 0.0269645 0.00898325 0.0142737 0.0243734 0.0136604
163 N 2.44421 0.00537715 0.0195477 0.0382024 0.0100353 0.0103979 0.00783503 0.0381638 0.0253804 0.0294917 0.00378417 0.00965458 0.628587 0.00956921 0.0204345 0.00436394 0.0360724 0.0397026 0.00716148 0.0181757 0.0241354 0.0139282
164 L 2.91548 0.00402332 0.0152393 0.00817006 0.00845397 0.0544881 0.0123728 0.00340443 0.211371 0.0110515 0.384303 0.12058 0.00909961 0.00800002 0.00831994 0.00448123 0.0311139 0.00561518 0.058323 0.0163012 0.00593182 0.019357
165 L 3.43591 0.0689297 0.0137331 0.0123851 0.0201481 0.144164 0.0412283 0.0279034 0.0234946 0.0222775 0.216904 0.00974113 0.0363618 0.0062198 0.010808 0.0140176 0.0203138 0.00584816 0.240086 0.0147987 0.0442334 0.00640446
166 W 2.50228 0.00811063 0.0281629 0.0166859 0.0125637 0.0280984 0.0236666 0.00956455 0.0116716 0.00751652 0.0122083 0.0284195 0.0120171 0.0152487 0.0129361 0.0472622 0.0222706 0.0168838 0.00920167 0.623558 0.0117081 0.0422451
167 L 2.62657 0.0105305 0.0216971 0.00554444 0.00636953 0.00382862 0.00266987 0.00564017 0.220973 0.00511523 0.287309 0.00308841 0.0116072 0.0160368 0.0138205 0.00434946 0.00348923 0.0309646 0.318332 0.010365 0.0107199 0.00754913
168 T 3.52426 0.013416 0.0268833 0.0175594 0.0149711 0.0173818 0.0577084 0.0236924 0.0270926 0.0239737 0.114404 0.0304017 0.00973407 0.00340912 0.0801741 0.0184847 0.0647542 0.309478 0.0177567 0.0129234 0.107236 0.0085648
169 K 3.92104 0.0671393 0.0333307 0.00302953 0.0608958 0.0149105 0.1001 0.0393846 0.0273795 0.087373 0.0367703 0.0415841 0.0145469 0.00386597 0.105153 0.100202 0.0676825 0.0907176 0.0900422 0.00746589 0.00310538 0.00532089
170 K 4.07065 0.0657112 0.0169722 0.056409 0.0442177 0.0409196 0.0304651 0.0477957 0.0415926 0.121187 0.0279648 0.0807058 0.032348 0.00429675 0.0298347 0.120112 0.0390516 0.0392762 0.0217006 0.0187734 0.108571 0.0120949
171 G 3.75283 0.053753 0.00761069 0.0539374 0.0226563 0.0520603 0.0872112 0.0120941 0.0107598 0.0112325 0.091566 0.0491359 0.16816 0.00339888 0.13024 0.00541052 0.121593 0.0541804 0.0124457 0.00633986 0.0378947 0.00831913
172 D 3.59898 0.0525113 0.00956802 0.166344 0.258905 0.00690524 0.0179868 0.021197 0.0736513 0.00566038 0.017181 0.0300991 0.0273488 0.0685214 0.0399158 0.00602208 0.0608641 0.055357 0.0519463 0.00750812 0.00761401 0.0148924
173 S 3.85707 0.032216 0.00193201 0.107362 0.129912 0.0658981 0.0212181 0.0117464 0.0323985 0.00321146 0.0368342 0.0171827 0.0734494 0.00985115 0.0164429 0.0154407 0.0615935 0.0935101 0.126638 0.0755025 0.0652505 0.00241046
174 Y 2.94192 0.00624198 0.0262084 0.0458646 0.020783 0.0767172 0.00502458 0.0291219 0.0104776 0.00658263 0.0106482 0.0381689 0.0274943 0.00332908 0.0121638 0.00402077 0.0143991 0.0133501 0.00566597 0.183072 0.43456 0.0261058
175 P 4.06999 0.047127 0.00787871 0.0695912 0.0798917 0.0275386 0.0805085 0.0409035 0.0397175 0.106167 0.0325584 0.101751 0.0412055 0.0393 0.00540597 0.0607155 0.0919341 0.0127575 0.0233683 0.0352353 0.0543541 0.0020901
176 K 4.09548 0.0415436 0.00981094 0.0222149 0.0165477 0.0573869 0.0257769 0.11702 0.0647121 0.0779514 0.0975922 0.0669292 0.00894786 0.0511418 0.0497322 0.0279918 0.055357 0.080204 0.0520852 0.0208449 0.0528456 0.00336306
177 L 3.20668 0.193108 0.0138983 0.00324879 0.00637913 0.0528999 0.00686585 0.00933388 0.119174 0.00296863 0.134224 0.0040758 0.00576301 0.00860687 0.00937406 0.00537361 0.0376608 0.077431 0.263058 0.010467 0.0303653 0.00572318
178 T 3.93606 0.123384 0.017018 0.0266453 0.0382072 0.0421113 0.0283196 0.0573441 0.0409887 0.029104 0.109057 0.014485 0.020364 0.00292267 0.0055418 0.0179543 0.0967364 0.12002 0.0866655 0.0441894 0.0747568 0.00418496
