# POSITION WT SITE_ENTROPY PI_A PI_C PI_D PI_E PI_F PI_G PI_H PI_I PI_K PI_L PI_M PI_N PI_P PI_Q PI_R PI_S PI_T PI_V PI_W PI_Y
1 M 4.16976 0.0479902 0.0489383 0.0476214 0.0556861 0.0482083 0.0462129 0.0565923 0.152475 0.0577225 0.0357289 0.0300126 0.073372 0.049827 0.0279726 0.0291047 0.0521777 0.0360603 0.0224673 0.0379838 0.0438463
2 I 3.57356 0.0499879 0.00840726 0.00566563 0.00519024 0.169876 0.00519763 0.124061 0.0290266 0.191958 0.0152237 0.0213652 0.0601379 0.00420077 0.038257 0.016341 0.0140424 0.0310865 0.0900423 0.020319 0.0996144
3 E 3.74361 0.00505143 0.0152358 0.0287596 0.0160181 0.174253 0.0126105 0.12713 0.0191555 0.0363281 0.0290556 0.0107409 0.0990376 0.0349382 0.0671952 0.0884212 0.037105 0.0688695 0.00613767 0.00736933 0.116588
4 Q 3.93663 0.00528302 0.0133836 0.0202335 0.0843913 0.0399512 0.0759429 0.0109052 0.0473938 0.119883 0.091438 0.0635723 0.0738369 0.0761838 0.0267226 0.0237808 0.0125396 0.0201474 0.0984587 0.087638 0.00831408
5 D 3.71368 0.015 0.00707028 0.00864586 0.0380684 0.0286739 0.0706758 0.0306169 0.0674185 0.152488 0.166726 0.00210425 0.101825 0.0463644 0.0362124 0.0133838 0.123073 0.051353 0.0130165 0.0192353 0.00804876
6 G 3.6218 0.0335745 0.00568764 0.019492 0.0223398 0.0513634 0.00319852 0.00102894 0.101616 0.163588 0.00729323 0.0538181 0.0632062 0.186781 0.00266392 0.00834489 0.0653224 0.0723451 0.0106253 0.0828121 0.0448984
7 L 3.4832 0.0220846 0.276965 0.0101413 0.149605 0.00628942 0.0922607 0.013151 0.00582419 0.120581 0.0437651 0.0396249 0.0101148 0.0363254 0.0297292 0.0347976 0.0372105 0.00871419 0.0343504 0.0213427 0.0071225
8 H 3.47949 0.00931555 0.0238258 0.0210243 0.107 0.00587835 0.0481445 0.0341312 0.00513306 0.00858576 0.0687383 0.0804788 0.0351653 0.327199 0.0476841 0.0352328 0.0191766 0.00695102 0.0403913 0.0105447 0.065399
9 A 3.91121 0.0515548 0.00859802 0.0144251 0.0448383 0.014917 0.0840449 0.0174332 0.119977 0.0912713 0.102958 0.0320472 0.056756 0.140507 0.0125773 0.0504998 0.0446007 0.0138265 0.0653134 0.0193455 0.0145092
10 G 3.84276 0.0179599 0.0877434 0.0508192 0.0215519 0.0143194 0.159353 0.0146924 0.0163861 0.0193639 0.038983 0.0429378 0.0241873 0.0421161 0.0726214 0.0539813 0.0294766 0.0637943 0.188418 0.0132454 0.0280491
11 S 3.42594 0.00214421 0.0986521 0.0118138 0.0112677 0.0637997 0.00424912 0.0354931 0.0780389 0.00149309 0.111517 0.055973 0.000837335 0.0349422 0.0696897 0.195725 0.00258816 0.0152295 0.0159283 0.001547 0.189071
12 P 3.87113 0.100141 0.0227611 0.0552721 0.0229445 0.032555 0.0191946 0.0158185 0.0190447 0.0213835 0.0545659 0.0247066 0.0267293 0.203798 0.111245 0.0477984 0.0496255 0.0977452 0.0352198 0.0223937 0.0170578
13 A 3.89226 0.0556248 0.016011 0.148465 0.0548448 0.0129343 0.0226826 0.0521947 0.0232708 0.140462 0.0959271 0.00953439 0.0112973 0.0104225 0.0343631 0.0656799 0.0772056 0.0733012 0.0555286 0.0203124 0.0199383
14 A 4.01664 0.069427 0.0480686 0.0304373 0.0507245 0.0103845 0.0541061 0.0411822 0.0142848 0.0904219 0.00754146 0.0940472 0.0459033 0.11916 0.0231078 0.0475437 0.102851 0.0808592 0.0358662 0.0200268 0.0140564
15 W 3.81457 0.0150077 0.0905067 0.0325258 0.0301994 0.0105668 0.127879 0.0210268 0.0274559 0.0180163 0.12305 0.0173471 0.0186528 0.0161119 0.0461529 0.102152 0.0545773 0.0248259 0.0252521 0.173911 0.0247816
16 V 3.39477 0.0939229 0.0169764 0.00845887 0.0462959 0.00209842 0.0619267 0.00502125 0.00309958 0.311489 0.0221444 0.00614713 0.0355381 0.00398425 0.0473473 0.136551 0.0681616 0.0635055 0.0238073 0.0239055 0.019619
17 E 3.96354 0.0227567 0.0157938 0.0692244 0.111665 0.0187619 0.0577113 0.0402927 0.014459 0.0273521 0.0239666 0.0127074 0.0147487 0.092539 0.095734 0.0715068 0.12758 0.0251799 0.0348706 0.094477 0.0286732
18 R 3.41386 0.0111016 0.0276546 0.0446396 0.196914 0.0112813 0.0430319 0.0456418 0.0243445 0.311936 0.0301138 0.00523094 0.0426555 0.0191542 0.00784785 0.0514889 0.0493287 0.0118878 0.0130932 0.0384736 0.0141801
19 L 3.82126 0.0257374 0.0458083 0.0356286 0.0302191 0.0236331 0.0201157 0.0239297 0.0251496 0.0288695 0.214281 0.137055 0.0178143 0.0397396 0.0214176 0.0817879 0.0133245 0.0312837 0.113364 0.0427544 0.0280868
20 F 3.77457 0.0568626 0.0651447 0.0331361 0.140005 0.0229997 0.0059653 0.0490163 0.0419951 0.17673 0.0221935 0.0339991 0.00595411 0.0491848 0.0224832 0.153905 0.0189581 0.0516496 0.0210254 0.0121589 0.0166334
21 G 4.0129 0.0536159 0.0933883 0.0958212 0.039344 0.0160198 0.152258 0.0195442 0.0217017 0.0577131 0.0336237 0.0181866 0.0501789 0.0234628 0.0179275 0.0388021 0.100424 0.0271117 0.071438 0.0337581 0.0356803
22 Y 3.90191 0.0279558 0.0986267 0.0515791 0.0313254 0.0578583 0.0180338 0.07208 0.0176706 0.0141376 0.0692128 0.014794 0.0264222 0.0180843 0.033883 0.0266188 0.0945424 0.028536 0.0560232 0.0348419 0.207774
23 D 3.993 0.0263032 0.0301845 0.108476 0.0721652 0.0165378 0.0250646 0.037459 0.104713 0.0368503 0.032536 0.0110457 0.0678743 0.0342715 0.0499225 0.0636583 0.025316 0.136351 0.0133885 0.0172569 0.090626
24 W 3.87107 0.025821 0.119935 0.0568018 0.0160672 0.0195106 0.0672456 0.0188356 0.0197644 0.0371331 0.103597 0.0144675 0.0524101 0.0149386 0.0831339 0.0593753 0.0456974 0.0261194 0.0180974 0.186241 0.0148077
25 A 4.00073 0.0793361 0.0503291 0.0570831 0.10922 0.0129688 0.0303089 0.0308209 0.0566785 0.086047 0.0204585 0.049192 0.00792538 0.0173461 0.0731885 0.0204288 0.0578909 0.0541646 0.139556 0.00990672 0.0371502
26 Q 3.84391 0.0137724 0.0139819 0.0110563 0.0936181 0.0255152 0.0188879 0.125919 0.0359479 0.0394735 0.166301 0.0166658 0.0279164 0.0312002 0.113576 0.0781346 0.0306156 0.0275786 0.0140025 0.0900806 0.0257562
27 Q 2.91411 0.00517167 0.0132566 0.00564317 0.0218362 0.00701153 0.0108298 0.0190556 0.422679 0.0142844 0.00603423 0.0320931 0.057204 0.021763 0.0518319 0.0239706 0.0192023 0.0474038 0.2088 0.00367429 0.00825503
28 T 3.84592 0.166051 0.0178238 0.0283856 0.0181734 0.0187608 0.0137157 0.134023 0.0272671 0.020305 0.0287802 0.0268772 0.0551105 0.0423939 0.0182562 0.108447 0.0515126 0.121182 0.0340925 0.00907105 0.0597714
29 I 3.93871 0.0193237 0.0270294 0.0186235 0.0265926 0.0531401 0.0509396 0.0166886 0.184079 0.0271963 0.10257 0.0752091 0.0316508 0.025661 0.104026 0.0173548 0.0869565 0.0308435 0.0433154 0.0313803 0.02742
30 G 3.76494 0.0466966 0.130253 0.0250723 0.0170266 0.058308 0.213264 0.0232492 0.0284033 0.0235536 0.0226137 0.00732818 0.0141678 0.026609 0.023613 0.0603467 0.119629 0.0160607 0.0900497 0.031484 0.0222726
31 C 1.39049 0.00224523 0.00846351 0.00390169 0.00160223 0.00450544 0.00197665 0.00233395 0.00194378 0.735575 0.0188321 0.00204839 0.00177912 0.00243856 0.174283 0.0232072 0.00646659 0.00122835 0.00355006 0.00177963 0.00183987
32 S 3.86298 0.0258927 0.0351512 0.0345235 0.0192964 0.0239272 0.0490463 0.0284311 0.0777264 0.0191797 0.0465568 0.0270394 0.0365846 0.0224804 0.0206605 0.10152 0.242407 0.0688682 0.0692772 0.0264321 0.0249998
33 D 3.29722 0.0233971 0.0106571 0.0284786 0.0105655 0.00397758 0.181417 0.0146415 0.00610651 0.0277558 0.0283721 0.00662378 0.00986668 0.104319 0.0367845 0.0356821 0.192963 0.241978 0.0159969 0.00704037 0.0133774
34 A 3.869 0.164944 0.023212 0.0250981 0.100185 0.0171734 0.0375358 0.0247292 0.0201609 0.0158025 0.0153974 0.0225828 0.02577 0.0463337 0.121058 0.0799155 0.121071 0.029064 0.0691034 0.0241313 0.016732
35 A 3.58481 0.0408171 0.0150517 0.0105919 0.0492078 0.0620455 0.0144193 0.0354914 0.0827306 0.0090788 0.0150888 0.012146 0.0674007 0.0142254 0.110891 0.0269413 0.100883 0.281264 0.0240492 0.00760741 0.0200689
36 V 3.7912 0.0442477 0.0198246 0.0391275 0.0267632 0.0264328 0.165876 0.0262957 0.0247807 0.0300305 0.0915056 0.0575552 0.0184458 0.0230886 0.029024 0.0402653 0.0154924 0.0235591 0.223697 0.0225206 0.0514677
37 F 3.76463 0.0261589 0.0160051 0.0401472 0.0343861 0.266205 0.0200495 0.0237365 0.0393906 0.0331125 0.0748436 0.0170736 0.0320777 0.0365214 0.0221181 0.0233683 0.124157 0.0265417 0.0546641 0.0190263 0.0704169
38 R 3.82326 0.0274271 0.0609564 0.0239289 0.0245284 0.0238742 0.0434238 0.0792445 0.0251697 0.0421446 0.114608 0.0286414 0.0292743 0.0448973 0.0227952 0.22718 0.107609 0.0206788 0.0253801 0.0178747 0.010364
39 L 3.5393 0.019617 0.0441853 0.0251097 0.0445305 0.0215584 0.306611 0.0182528 0.0195675 0.0172748 0.178524 0.0667958 0.0222653 0.0454271 0.0202924 0.0304819 0.0306572 0.0189876 0.0159608 0.0257084 0.028192
40 S 3.39963 0.00979848 0.00588234 0.0216128 0.0185823 0.0130666 0.0219528 0.0420644 0.0448716 0.0186608 0.00897126 0.00869375 0.0204613 0.0157039 0.0745927 0.0603833 0.0987268 0.326606 0.0323813 0.142059 0.0149287
41 A 3.09942 0.087192 0.425623 0.0183261 0.0409247 0.00346655 0.0104781 0.0110681 0.00785524 0.0383015 0.00449004 0.00725407 0.0756082 0.0160614 0.0774396 0.0118588 0.0658559 0.0580326 0.0196714 0.0112321 0.00926052
42 Q 3.73946 0.0512133 0.0097624 0.0609774 0.170595 0.0140713 0.00823699 0.0247693 0.0113895 0.0822066 0.0294582 0.014961 0.00267987 0.100873 0.063808 0.0780018 0.109862 0.122003 0.0209139 0.00911157 0.015106
43 G 2.52213 0.0128495 0.0302905 0.0274016 0.00983915 0.0191334 0.0418887 0.0307687 0.00766828 0.0138405 0.00961941 0.00525198 0.0842953 0.00621361 0.0142112 0.026378 0.593779 0.0402514 0.0136005 0.00508034 0.00763924
44 R 3.66926 0.0220922 0.0132824 0.0180627 0.0196962 0.0193413 0.0995638 0.0144864 0.0440386 0.228662 0.0905978 0.0321115 0.0310529 0.0293035 0.0712611 0.165585 0.00886683 0.0162763 0.0355696 0.0217296 0.01842
45 P 3.75105 0.021462 0.0122535 0.0334592 0.150952 0.0104381 0.0147215 0.0432708 0.0165435 0.198599 0.0204344 0.0135377 0.0675851 0.0941163 0.0745213 0.096314 0.0378989 0.0318126 0.0130565 0.0156572 0.0333667
46 V 3.18566 0.174184 0.0575283 0.0297891 0.00883974 0.00341104 0.115524 0.0100781 0.00505192 0.00550851 0.0187902 0.0118411 0.0466873 0.062595 0.00694072 0.00950538 0.0506783 0.333089 0.0385138 0.00264488 0.0087999
47 L 3.70028 0.00641673 0.0537232 0.0113057 0.00722229 0.135368 0.0177083 0.139105 0.00765278 0.0637111 0.0875342 0.0742813 0.0209735 0.0531938 0.0247207 0.0627276 0.0109237 0.00898866 0.0158303 0.0238336 0.17478
48 F 3.89536 0.0177708 0.028105 0.0329636 0.0298242 0.221957 0.0279345 0.0207494 0.019598 0.0829977 0.0826733 0.0250196 0.0326961 0.029852 0.0523751 0.0269605 0.0774645 0.0270225 0.0726523 0.0150642 0.0763197
49 V 3.71752 0.0756223 0.0172616 0.0175283 0.0537511 0.0142641 0.0965207 0.0174513 0.0482418 0.033228 0.120088 0.0496271 0.0284218 0.0239007 0.019789 0.0210926 0.0212082 0.0238119 0.26555 0.0285802 0.0240616
50 K 3.89039 0.0213704 0.0244368 0.0119023 0.0627321 0.0304256 0.0342753 0.0204949 0.0341187 0.196664 0.0221641 0.0155138 0.0449734 0.0218336 0.0627707 0.141484 0.0825278 0.0625653 0.0511974 0.0301597 0.0283896
51 T 3.87139 0.049354 0.0313583 0.0595807 0.0204018 0.0293736 0.0291806 0.013634 0.0585059 0.0177779 0.035838 0.0138092 0.103298 0.0510095 0.145388 0.0351948 0.0568758 0.188746 0.0204325 0.0254256 0.0148149
52 D 3.16889 0.319649 0.09781 0.0169005 0.0871189 0.00385725 0.012141 0.00340508 0.0861312 0.00151841 0.0073446 0.00544701 0.00825949 0.00592016 0.0606748 0.00237465 0.116393 0.113165 0.0382793 0.00427053 0.00933987
53 L 3.87028 0.0652964 0.00576475 0.010242 0.0647945 0.0708975 0.00564597 0.0653407 0.00934052 0.135389 0.0228939 0.0205069 0.0446984 0.015344 0.0251614 0.0987966 0.0389128 0.0245348 0.11966 0.0396654 0.117114
54 S 3.77195 0.0271136 0.0181534 0.0170841 0.17668 0.0197285 0.0450316 0.173005 0.0781819 0.0112094 0.0336632 0.0187932 0.0293614 0.0236781 0.0333132 0.0720669 0.130332 0.0223363 0.0233646 0.0260058 0.0208975
55 G 3.4055 0.0203533 0.0483431 0.0282641 0.00881232 0.0280444 0.0902683 0.37902 0.0134628 0.0134182 0.0640362 0.0270153 0.0159831 0.0120541 0.0550996 0.0613533 0.0296058 0.0158797 0.0453674 0.00788464 0.0357345
56 A 3.84336 0.105135 0.0121676 0.190232 0.0937378 0.0161042 0.0131355 0.0829177 0.0285313 0.0488787 0.0185 0.0194077 0.0145513 0.0638419 0.111404 0.0192757 0.0495457 0.0279254 0.0370396 0.0228142 0.0248555
57 L 3.77863 0.0251382 0.0414447 0.0253743 0.0277183 0.0244336 0.0242938 0.0474624 0.0270946 0.0333038 0.213834 0.0496363 0.0421089 0.103973 0.0186695 0.177549 0.0210548 0.0272264 0.0215703 0.0132036 0.0349115
58 N 4.0352 0.101319 0.0143774 0.0378234 0.0625512 0.0232021 0.0283588 0.0688063 0.0207717 0.102595 0.0463951 0.0360951 0.137974 0.0264325 0.0504295 0.091421 0.0480657 0.0255364 0.0236482 0.0162352 0.0379621
59 E 3.90797 0.0370727 0.055946 0.0642195 0.205799 0.0172194 0.0647796 0.0457397 0.0199508 0.0372453 0.0611112 0.0209322 0.0283411 0.0265624 0.141031 0.0275991 0.043783 0.0292615 0.0332652 0.021697 0.0184442
60 L 3.91239 0.0264084 0.0151451 0.0601453 0.0397292 0.0282077 0.0175255 0.0553092 0.0674532 0.0113179 0.141453 0.171891 0.0496993 0.0662553 0.0157656 0.0931925 0.0445468 0.026611 0.0253968 0.0203561 0.0235919
61 Q 3.88408 0.050359 0.0123131 0.0894454 0.102861 0.0202011 0.0173072 0.128004 0.0253698 0.0777295 0.0205592 0.0678627 0.0246288 0.0251496 0.0803804 0.0407663 0.0127467 0.0207884 0.0277201 0.00721813 0.14859
62 D 3.17429 0.0159357 0.0317651 0.110751 0.442731 0.0184146 0.0368291 0.0297109 0.0129754 0.01266 0.0258879 0.00952478 0.0306352 0.0192447 0.0100443 0.0258834 0.0211648 0.0170632 0.043632 0.0223207 0.0628262
63 E 3.96073 0.0661628 0.0304848 0.0642563 0.157339 0.0250556 0.074295 0.0200259 0.0242775 0.054529 0.11542 0.0288971 0.0148613 0.0194959 0.120854 0.042819 0.0452142 0.0250277 0.024811 0.0241338 0.0220396
64 A 3.83606 0.193383 0.103556 0.0255343 0.0787831 0.0392997 0.0511592 0.0174169 0.0276572 0.0511012 0.0118665 0.0205787 0.0168249 0.0230195 0.0427087 0.035405 0.151356 0.024936 0.0474801 0.0257234 0.0122105
65 A 3.07275 0.0994053 0.0430058 0.0233588 0.0463663 0.0164214 0.0104002 0.0165458 0.0099275 0.0136683 0.0117122 0.0422838 0.014801 0.0443941 0.0160121 0.0200307 0.033291 0.00950999 0.465647 0.0526009 0.0106176
66 R 3.8909 0.0349982 0.0511106 0.0312067 0.0172583 0.0236088 0.0545791 0.0584318 0.0278247 0.0208951 0.0690286 0.0233727 0.0285273 0.126963 0.0252483 0.195258 0.112326 0.0241385 0.0375028 0.0166948 0.0210266
67 L 3.89705 0.0168234 0.0388188 0.023435 0.029479 0.0280565 0.0390132 0.115577 0.0256099 0.0289557 0.188689 0.0662228 0.024598 0.112311 0.0142047 0.0941061 0.0453958 0.0341482 0.0313051 0.015057 0.0281937
68 S 3.89639 0.0991644 0.0176002 0.0352615 0.038771 0.0153853 0.0552592 0.0114776 0.0437136 0.0882604 0.0136139 0.0185869 0.0415404 0.0181547 0.130053 0.158494 0.0986072 0.0413127 0.0292374 0.0252818 0.0202247
69 W 3.88908 0.0377751 0.0577464 0.0409731 0.0245234 0.0264072 0.102458 0.0253601 0.0182881 0.0254708 0.0922598 0.0193606 0.0150016 0.0226651 0.034341 0.0325951 0.0735467 0.0193674 0.0195799 0.171442 0.140839
70 L 3.92777 0.0207004 0.0664286 0.0485258 0.031215 0.0174334 0.0265535 0.0263407 0.0187563 0.0254342 0.189568 0.123833 0.0321917 0.0831805 0.0161449 0.0763225 0.0286636 0.0296023 0.0713582 0.0262956 0.0414523
71 A 3.91612 0.155485 0.0571506 0.020304 0.117621 0.0262516 0.0720794 0.013202 0.0141021 0.0324946 0.0126576 0.0264844 0.036934 0.0416064 0.058537 0.0522828 0.137211 0.0165945 0.0546836 0.0163287 0.0379893
72 T 3.82746 0.0497269 0.0435952 0.0316767 0.0189078 0.0229116 0.0564607 0.0304165 0.029878 0.0618096 0.0290189 0.011222 0.0481085 0.110275 0.0193155 0.0309821 0.118753 0.226583 0.0174759 0.0235253 0.019358
73 T 3.77803 0.0873863 0.0448358 0.0132755 0.0230959 0.0201416 0.0109667 0.0345741 0.0522144 0.0320884 0.0170127 0.0584467 0.0466548 0.0242331 0.0462894 0.0150211 0.0389094 0.273584 0.0564313 0.0270116 0.0778269
74 G 3.45567 0.137296 0.145888 0.0184676 0.0115318 0.016679 0.278965 0.0259658 0.00990642 0.0109963 0.0328178 0.0195919 0.0166318 0.0157369 0.00685235 0.0296961 0.0346834 0.0399065 0.108453 0.0146424 0.0252914
75 V 3.70909 0.129835 0.0388893 0.050894 0.0148656 0.0131234 0.0174183 0.00912386 0.113341 0.00870914 0.130411 0.0327739 0.0158889 0.0147385 0.0886513 0.0200644 0.0248372 0.0357809 0.191993 0.0273716 0.021289
76 P 3.62835 0.0148511 0.0164606 0.0185956 0.0135605 0.00996963 0.0386293 0.0459027 0.0156323 0.0191009 0.118449 0.0109861 0.014125 0.187237 0.151668 0.0997113 0.120911 0.062586 0.0118914 0.015027 0.0147059
77 C 3.85364 0.0298887 0.258246 0.0530385 0.0237455 0.0609477 0.0665896 0.0280266 0.0270103 0.0132647 0.0338556 0.0428891 0.0111194 0.033771 0.0257335 0.0604268 0.0523393 0.0696237 0.0630118 0.0275716 0.0189003
78 A 3.6313 0.255769 0.019743 0.0172523 0.0585242 0.0128201 0.0447012 0.0226785 0.0128812 0.0178852 0.0226625 0.0163374 0.00737547 0.0201941 0.0751521 0.164006 0.0781837 0.0528487 0.0515208 0.0339818 0.0154824
79 A 3.24975 0.0362701 0.0104266 0.0151519 0.0405683 0.0030997 0.0361653 0.0260055 0.265538 0.237551 0.00364523 0.00148101 0.0517483 0.0173095 0.0503078 0.119909 0.0320505 0.040675 0.00596959 0.00253149 0.00359578
80 V 3.65258 0.0558433 0.0434834 0.0214971 0.0164789 0.0132942 0.0604226 0.0161708 0.140723 0.0126748 0.0977189 0.0278257 0.0183165 0.0110258 0.0163063 0.11301 0.0170095 0.0160375 0.225192 0.0683336 0.00863557
81 L 4.00637 0.0265117 0.0469596 0.0320179 0.126538 0.023815 0.041435 0.0222347 0.116671 0.0244665 0.128357 0.0697099 0.0181324 0.0603717 0.0402137 0.0777689 0.0200336 0.0401163 0.046291 0.0129065 0.0254502
82 D 3.82538 0.0233248 0.0218691 0.249917 0.0326756 0.0254236 0.0487895 0.0794397 0.0257276 0.0147015 0.0322975 0.0266948 0.0470426 0.046179 0.0140825 0.0237031 0.0328442 0.0467891 0.0306527 0.0580216 0.119824
83 V 2.5599 0.0447754 0.0101689 0.00666247 0.0217236 0.598396 0.0358225 0.0134929 0.0137459 0.013223 0.0298741 0.0327598 0.00957266 0.00526742 0.00742534 0.0424178 0.0314222 0.00988678 0.047139 0.0116127 0.0146111
84 V 3.76328 0.116211 0.077165 0.0247807 0.0282746 0.0159727 0.025337 0.0214054 0.0448936 0.018282 0.0576159 0.0227383 0.0197065 0.0193124 0.224628 0.0173009 0.0455643 0.0428422 0.138231 0.022614 0.0171243
85 T 3.96974 0.0749439 0.0717266 0.0265969 0.0148276 0.0362564 0.0418415 0.0336235 0.0551445 0.0280591 0.0324499 0.0199582 0.0595955 0.0314118 0.0340546 0.0226386 0.067467 0.221997 0.0542498 0.0419811 0.0311767
86 E 4.07468 0.0752982 0.0386178 0.0880011 0.166596 0.0529885 0.0475206 0.0166224 0.0224123 0.0500676 0.0431921 0.0267581 0.0274773 0.0317075 0.0906678 0.0350748 0.0318739 0.0300923 0.0408934 0.0369387 0.0471995
87 A 3.88098 0.131373 0.0143132 0.0230499 0.0969486 0.0191756 0.0704562 0.0402682 0.0169924 0.0719985 0.0179803 0.178589 0.028362 0.0398978 0.0265049 0.0256594 0.0952267 0.0208693 0.033438 0.0203528 0.0285438
88 G 3.90005 0.0464228 0.132274 0.0674404 0.028484 0.0238499 0.183328 0.0275257 0.00613213 0.0228561 0.0189489 0.0239802 0.0407125 0.0219419 0.0261213 0.088454 0.0770779 0.0252399 0.0743193 0.0384945 0.0263972
89 R 3.997 0.0322414 0.0662579 0.024227 0.0259552 0.029903 0.0835057 0.0698386 0.0199353 0.0212239 0.0845741 0.0775263 0.0130885 0.0451123 0.0271999 0.174888 0.0829596 0.0283005 0.0257767 0.0348868 0.0325992
90 D 3.98546 0.0775743 0.03755 0.211654 0.0377243 0.0200238 0.0522404 0.0288109 0.0125774 0.0291837 0.0275765 0.050243 0.078105 0.0273461 0.0337198 0.0360574 0.0300218 0.0680231 0.0300616 0.050243 0.061264
91 W 3.8131 0.022929 0.0610775 0.0241745 0.0164883 0.0416787 0.147364 0.0236521 0.0222487 0.0278209 0.0922366 0.00772423 0.026572 0.02161 0.0612993 0.0616707 0.0490272 0.0277746 0.0220569 0.215064 0.0275309
92 L 3.84557 0.0257464 0.0448798 0.0202624 0.0262359 0.0319609 0.0339461 0.0235659 0.0604125 0.0217907 0.238346 0.128445 0.0321982 0.0810077 0.0589304 0.0325168 0.0285344 0.0220839 0.0206805 0.0449556 0.0235011
93 L 3.88317 0.0153889 0.0480268 0.0205329 0.0386852 0.0630539 0.0361754 0.033366 0.0207434 0.0214635 0.223119 0.0909982 0.0250334 0.094844 0.0144244 0.0718702 0.031737 0.0321641 0.0686727 0.0302639 0.0194365
94 L 3.68772 0.0208369 0.0258483 0.0255252 0.0241817 0.0224123 0.0107099 0.01434 0.010953 0.0185263 0.255951 0.0882021 0.0235617 0.111415 0.0343195 0.085306 0.0182724 0.103919 0.0353115 0.0472041 0.0232047
95 G 3.72444 0.0234568 0.0876367 0.0345589 0.0154875 0.013358 0.186367 0.0174918 0.0187587 0.157258 0.0528616 0.0145358 0.0223427 0.0150081 0.0229703 0.126496 0.0630903 0.0139656 0.0773978 0.0162315 0.0207268
96 E 3.62127 0.0376276 0.0272961 0.0205962 0.206687 0.0193445 0.0662991 0.0284085 0.0185134 0.0681824 0.0306752 0.0114423 0.0271002 0.0184655 0.25045 0.0258325 0.0260299 0.0187238 0.0270543 0.0514905 0.0197816
97 V 3.74689 0.0417231 0.01582 0.0432132 0.0385898 0.0277032 0.0519709 0.0275373 0.0139524 0.0307849 0.0828747 0.0200889 0.0324676 0.0257306 0.0262084 0.129117 0.025856 0.0473384 0.27218 0.0250689 0.0217752
98 P 3.71256 0.015997 0.0240243 0.026374 0.0106582 0.015733 0.0437281 0.00993148 0.0246362 0.0180572 0.0545175 0.0246664 0.0211308 0.199136 0.149288 0.0932484 0.0679522 0.134723 0.0272488 0.0230965 0.0158531
99 G 3.72125 0.0491228 0.129685 0.0488554 0.0129863 0.0335175 0.239646 0.0246533 0.0204155 0.0196395 0.0203932 0.0295328 0.0115994 0.0322902 0.0164608 0.0575913 0.0985198 0.0261145 0.0978241 0.0146294 0.016523
100 Q 3.88829 0.0229965 0.0391604 0.0245072 0.0648044 0.023686 0.018978 0.0952201 0.0169021 0.109757 0.0780879 0.0186527 0.0197947 0.0918869 0.187032 0.0529078 0.0336457 0.0492224 0.0211662 0.0132289 0.0183628
101 D 3.90382 0.0951957 0.0117683 0.17173 0.0266458 0.0146824 0.0390112 0.0383209 0.0100172 0.0114196 0.0247535 0.050135 0.0523862 0.022731 0.111541 0.0143565 0.0661414 0.0214773 0.0723816 0.0642354 0.0810706
102 L 3.8133 0.0569434 0.0171983 0.0569003 0.0147377 0.0132895 0.0425415 0.0164422 0.0216367 0.0397765 0.222436 0.089458 0.0264475 0.0928031 0.0296423 0.120668 0.0203687 0.0281233 0.0485631 0.0256835 0.01634
103 L 3.73194 0.0194213 0.0309832 0.0331401 0.0433765 0.0265681 0.0333258 0.0249253 0.03763 0.0311717 0.304565 0.0955257 0.0104104 0.0589978 0.0291157 0.0548096 0.0495678 0.0212332 0.0389839 0.0330038 0.0232448
104 S 3.8531 0.0208252 0.0392244 0.0168112 0.0137838 0.0227201 0.0837668 0.0214361 0.0434816 0.0222064 0.0379352 0.0513307 0.0284326 0.0211619 0.0624682 0.0836161 0.203516 0.145729 0.0298091 0.027975 0.0237708
105 S 3.90742 0.0437937 0.0475449 0.0441406 0.0216679 0.0219936 0.102369 0.0242722 0.0687585 0.0209034 0.0876524 0.0158138 0.0290146 0.0170239 0.0420297 0.0951759 0.202543 0.0467942 0.0202831 0.0225657 0.0256592
106 H 3.96334 0.0263505 0.038198 0.0825531 0.0989136 0.0173541 0.0488709 0.103591 0.0127773 0.0307878 0.0117327 0.0227163 0.104775 0.0952477 0.0655374 0.0516796 0.110058 0.0235409 0.0136951 0.0108799 0.0307404
107 L 3.62329 0.0193845 0.0144904 0.0207 0.0193756 0.0224091 0.0226998 0.026921 0.0472751 0.0172315 0.225763 0.194102 0.0257643 0.127134 0.0480337 0.0273026 0.0213837 0.0171627 0.0613647 0.0112579 0.0302451
108 A 3.67409 0.143189 0.030371 0.0225667 0.0497777 0.0184255 0.108736 0.0269274 0.0311724 0.0160461 0.0137467 0.0101056 0.0178653 0.212227 0.0121533 0.0125706 0.113894 0.0425494 0.0844105 0.0129929 0.0202727
109 P 3.84149 0.0590371 0.0146278 0.0434074 0.0243923 0.0145141 0.021682 0.016053 0.012832 0.0278252 0.112497 0.0186722 0.0272203 0.209162 0.0788382 0.0359588 0.0477942 0.0964288 0.0807508 0.0408305 0.0174764
110 A 3.76902 0.184598 0.0310781 0.0607406 0.193022 0.0211849 0.0127886 0.0261297 0.0199738 0.0248794 0.0376252 0.0198967 0.046011 0.0257006 0.0486154 0.0184704 0.107002 0.0309969 0.0608281 0.0161442 0.0143145
111 E 3.80835 0.0196252 0.0262243 0.0626973 0.218822 0.018335 0.0606853 0.017256 0.04522 0.0171432 0.146378 0.0151052 0.0142296 0.0228715 0.0676547 0.0575833 0.0265111 0.0516934 0.0682394 0.021461 0.0222639
112 K 3.81533 0.0434761 0.0111087 0.0236054 0.12597 0.0338408 0.0406737 0.0168194 0.0416727 0.251224 0.027644 0.041737 0.0723763 0.0210512 0.0643943 0.0272198 0.032618 0.0477905 0.0290064 0.0246317 0.0231396
113 V 3.73238 0.0819237 0.0177004 0.038015 0.0441444 0.0277912 0.0406439 0.0164753 0.0291134 0.0154581 0.0583029 0.063401 0.0102703 0.0276847 0.0124678 0.0418826 0.032306 0.144778 0.252412 0.0245486 0.0206813
114 S 3.03488 0.278099 0.343598 0.0120015 0.0147317 0.0142708 0.046086 0.00475842 0.0198271 0.0152624 0.0427953 0.0108334 0.0203097 0.0136482 0.00907336 0.0437932 0.0553281 0.00863481 0.0196626 0.0100674 0.017219
115 I 3.87227 0.0159027 0.0193025 0.060663 0.030606 0.0302676 0.0158837 0.0376952 0.233854 0.0876068 0.0311229 0.0306893 0.0325005 0.0259154 0.0215297 0.0361275 0.0502165 0.073173 0.0984526 0.0499798 0.018511
116 M 3.66353 0.0195534 0.0247789 0.0246837 0.0229948 0.0118474 0.0164249 0.0213523 0.113003 0.0341814 0.0219695 0.230596 0.0302858 0.0146775 0.0322056 0.13353 0.016683 0.12216 0.0735257 0.0133452 0.0222019
117 A 3.76793 0.216901 0.0167407 0.020855 0.124016 0.02517 0.048356 0.0136091 0.0249918 0.0231679 0.0122912 0.0211533 0.0139269 0.0148856 0.0966353 0.059565 0.102829 0.0423592 0.0527069 0.0137796 0.0560605
118 D 3.82884 0.0531907 0.0543942 0.227589 0.0812915 0.0157473 0.0229825 0.093893 0.0184037 0.0139852 0.016836 0.0180378 0.0835433 0.0183409 0.0328638 0.0168688 0.0444736 0.0248171 0.0657182 0.022676 0.0743477
119 A 3.81667 0.260866 0.0295623 0.017261 0.10809 0.0229542 0.0533358 0.027873 0.037164 0.0351551 0.0224051 0.021679 0.027384 0.0338517 0.0187736 0.0355992 0.0929366 0.0429565 0.032723 0.0469119 0.0325185
120 M 3.63736 0.0206948 0.0228708 0.0317739 0.0193331 0.022611 0.0298319 0.0389659 0.0643507 0.044682 0.307639 0.131395 0.0192081 0.0182672 0.0300588 0.0300435 0.0188853 0.067546 0.0402346 0.0198351 0.0217734
121 R 4.01471 0.0296039 0.0224646 0.0738123 0.0457769 0.025032 0.0591967 0.022108 0.031026 0.0440366 0.0872636 0.0299528 0.0299528 0.0472769 0.0438334 0.180233 0.0819898 0.076481 0.0274896 0.0096622 0.0328078
122 R 3.32602 0.0299273 0.0121099 0.0313441 0.0189659 0.0226052 0.0238756 0.0257226 0.0274715 0.0737125 0.417058 0.0358324 0.0162587 0.00758738 0.0348618 0.0705887 0.0438498 0.0217845 0.0188843 0.054181 0.013379
123 L 3.8771 0.0209926 0.026048 0.0404395 0.0301258 0.0265276 0.02748 0.0198801 0.0219628 0.0249663 0.20565 0.0596795 0.0717452 0.0564335 0.0297389 0.14062 0.0227762 0.0350842 0.0913466 0.0201545 0.0283492
124 H 3.98609 0.0611985 0.0219026 0.088407 0.0233157 0.0175221 0.0230196 0.131726 0.0173296 0.0211204 0.0170466 0.0202178 0.0749481 0.115371 0.070717 0.0712524 0.0407842 0.0949344 0.0251647 0.0202178 0.0438053
125 T 3.79821 0.074806 0.021201 0.0181148 0.0272585 0.015178 0.0382917 0.0324016 0.020777 0.020628 0.0105501 0.228971 0.089874 0.0623051 0.0530026 0.0559899 0.0872399 0.0955754 0.0109876 0.0181148 0.0187324
126 L 3.73079 0.019153 0.0213149 0.023588 0.0221004 0.0159316 0.0182761 0.0174698 0.0124151 0.0291164 0.175127 0.128876 0.0249569 0.104991 0.0220148 0.0343746 0.0155092 0.0306613 0.0688205 0.174698 0.0406055
127 D 3.4247 0.0259011 0.0192427 0.131352 0.043697 0.0119562 0.0357521 0.0191841 0.0142896 0.0171158 0.0297612 0.0206986 0.045459 0.031982 0.0396915 0.0170275 0.372299 0.0218013 0.0173534 0.0327728 0.0526638
128 P 3.83947 0.0316973 0.018421 0.0274232 0.0278858 0.017768 0.0286975 0.0202919 0.144298 0.0559777 0.0437439 0.0141161 0.0323265 0.217038 0.0860239 0.0496163 0.0463572 0.0621525 0.0110191 0.0377293 0.0274166
129 A 3.967 0.161549 0.0227279 0.0229102 0.083249 0.030725 0.0209731 0.0210866 0.0202974 0.0202752 0.0486376 0.0570264 0.0248811 0.0439531 0.0511 0.0763261 0.146395 0.0253306 0.0451564 0.0239564 0.0534443
130 T 3.92386 0.0403876 0.0161371 0.038487 0.0315763 0.0216523 0.0291112 0.0237574 0.024818 0.0718613 0.0819123 0.0846169 0.0764157 0.020819 0.0540686 0.0299282 0.0658443 0.214331 0.0281184 0.0135757 0.0325816
131 C 3.91443 0.0356687 0.251406 0.027399 0.0233183 0.0870597 0.061014 0.0349421 0.0308313 0.0250672 0.0400634 0.032875 0.0238281 0.0259316 0.0293093 0.0565719 0.0502099 0.0553384 0.0310278 0.0319037 0.046235
132 P 3.82305 0.0985251 0.024838 0.0211524 0.0241075 0.018005 0.0265834 0.0201729 0.0168544 0.0270372 0.0668666 0.0115989 0.0316652 0.205503 0.123281 0.0510822 0.0365734 0.109595 0.0258536 0.0390312 0.0216736
133 F 3.73497 0.0218337 0.0293138 0.0190958 0.0303797 0.287152 0.0227331 0.0184798 0.0291911 0.0205141 0.0587134 0.015236 0.0409196 0.0406432 0.0818393 0.0264294 0.0484416 0.0515943 0.103605 0.0195807 0.0343039
134 D 3.68879 0.0145853 0.0430968 0.179047 0.0255063 0.0451375 0.0306224 0.0464579 0.0184124 0.0263622 0.0196202 0.0714176 0.0589195 0.0211474 0.250792 0.0220634 0.0173157 0.0166024 0.0180385 0.0286253 0.0462302
135 H 3.78794 0.024346 0.0211724 0.0624512 0.0122698 0.0170919 0.0205817 0.235687 0.0244414 0.0186328 0.0346858 0.0129365 0.102898 0.0436167 0.0326293 0.0497422 0.0263567 0.0472498 0.0212442 0.117507 0.0744598
136 Q 3.82759 0.0133886 0.0184647 0.0146245 0.066449 0.0255111 0.0148671 0.0591276 0.0214975 0.107987 0.0139649 0.022459 0.0284084 0.0371594 0.190706 0.125963 0.0686294 0.0850185 0.0171196 0.0490627 0.0195923
137 A 2.93937 0.0182878 0.00602523 0.0019078 0.0125079 0.0582508 0.00297772 0.00146901 0.383288 0.0208014 0.0520912 0.0753338 0.00266125 0.00307844 0.00890309 0.121252 0.0121573 0.00304109 0.0577402 0.0038951 0.154331
138 K 3.72201 0.0488899 0.0255349 0.0165811 0.0609355 0.0182392 0.0260228 0.0258581 0.0215788 0.256054 0.0225308 0.0196422 0.021569 0.0210097 0.0419229 0.146512 0.0326216 0.0497714 0.0396432 0.0130751 0.0920082
139 H 3.95183 0.0906121 0.013168 0.0576146 0.0159239 0.0688718 0.01678 0.151502 0.0147883 0.0457035 0.035789 0.0212704 0.116035 0.0755101 0.0969413 0.0491213 0.0258383 0.0233722 0.0281353 0.017137 0.035886
140 R 3.68006 0.0245845 0.0324867 0.0205179 0.0362147 0.0329443 0.069419 0.0694373 0.0294219 0.0219391 0.0716006 0.0207915 0.0232924 0.0261609 0.00775802 0.260579 0.16065 0.0311043 0.0158136 0.0178153 0.0274684
141 I 3.10002 0.0188292 0.0376008 0.0141737 0.00483978 0.0541176 0.0166732 0.0182329 0.0994623 0.0107067 0.0159947 0.010654 0.0201206 0.0100807 0.0858881 0.0179473 0.0142638 0.0317583 0.436053 0.0744117 0.00819211
142 E 3.69395 0.0247596 0.025331 0.0226845 0.254078 0.0236137 0.074826 0.0192876 0.102275 0.136724 0.0235349 0.0260986 0.0115725 0.0226845 0.0772287 0.0230282 0.0244351 0.023974 0.0453791 0.0206784 0.0178064
143 R 3.50092 0.0102282 0.223215 0.00809094 0.0078312 0.0110227 0.0181885 0.062409 0.0101176 0.00534082 0.0546888 0.0774418 0.00892 0.0447883 0.0127651 0.0775638 0.0468757 0.211086 0.0499896 0.0547434 0.00469345
144 A 3.72462 0.241109 0.021912 0.0194237 0.12096 0.0237502 0.0465229 0.0320491 0.0285771 0.0236507 0.0168821 0.0285183 0.0266107 0.0650312 0.021125 0.0149248 0.14911 0.0364916 0.0330507 0.0281513 0.02215
145 R 3.94605 0.0445912 0.0376293 0.0251724 0.0119036 0.0710982 0.0570701 0.105124 0.0195086 0.0204309 0.0992204 0.0332948 0.083046 0.0208755 0.0113505 0.156347 0.063914 0.0215906 0.0248555 0.0149428 0.0780346
146 T 3.61605 0.0195175 0.0554006 0.00833368 0.101146 0.00411177 0.00763272 0.0362696 0.157027 0.0548442 0.164112 0.0291679 0.0185803 0.0063945 0.09409 0.0469565 0.0200356 0.0290881 0.140098 0.00138895 0.00580526
147 R 3.85644 0.0265545 0.0582385 0.0271278 0.0281821 0.0241271 0.0916881 0.0322459 0.02233 0.0201171 0.0704897 0.0341152 0.0141709 0.0321455 0.0935227 0.205273 0.125701 0.0163542 0.020778 0.0232604 0.0335786
148 M 3.81214 0.0249061 0.0178555 0.0229693 0.0287644 0.0193658 0.030649 0.0261041 0.153062 0.06396 0.0648897 0.220275 0.0215836 0.0212671 0.0363792 0.0234575 0.0193148 0.0437956 0.0852432 0.05494 0.0212182
149 E 3.83308 0.0066536 0.0481531 0.0207355 0.0354199 0.0187425 0.0246942 0.120143 0.122401 0.0774263 0.0848364 0.0968814 0.137587 0.010127 0.0428588 0.0364998 0.016359 0.00420955 0.0618392 0.00483333 0.0295998
150 A 3.56021 0.112829 0.0775396 0.0154267 0.0571251 0.0444495 0.0198939 0.319925 0.0124587 0.0217116 0.00754824 0.0304459 0.0341083 0.02056 0.0651304 0.0244269 0.0482029 0.0271057 0.0386055 0.00839981 0.0141072
151 G 3.66228 0.0363903 0.0716358 0.0551516 0.224109 0.0112288 0.134146 0.0230552 0.00986422 0.0071626 0.0120767 0.0242133 0.137286 0.0201016 0.0428193 0.0647956 0.0252402 0.0205002 0.0562391 0.00859826 0.0153859
152 L 3.8946 0.0410087 0.0207007 0.019995 0.0224809 0.0176839 0.0264436 0.0187809 0.0107443 0.104818 0.194595 0.110481 0.0766064 0.036066 0.041318 0.0734163 0.0265134 0.0282625 0.0418916 0.0238855 0.064307
153 V 3.02833 0.010143 0.0340721 0.00434189 0.00498766 0.284367 0.0090837 0.0115784 0.0913058 0.002615 0.107861 0.239325 0.00668091 0.110996 0.00625506 0.00742185 0.00465561 0.00995278 0.0382924 0.00767068 0.00839433
154 D 3.95378 0.0442996 0.018782 0.178859 0.0438247 0.0790186 0.0751665 0.0436445 0.0217849 0.0364969 0.0354003 0.0127449 0.0393594 0.0199964 0.0248329 0.128938 0.0223939 0.0142622 0.0567581 0.0387889 0.0646482
155 Q 2.83903 0.00163117 0.0865259 0.000821823 0.111163 0.00406723 0.00759748 0.00360185 0.0697887 0.00255615 0.0191763 0.0472569 0.00134779 0.00348896 0.00490968 0.00248577 0.00315434 0.0600476 0.107046 0.420665 0.042669
156 D 3.86957 0.0636964 0.0261929 0.182039 0.0214515 0.0259303 0.0209201 0.0435301 0.0127174 0.0242017 0.031749 0.0231016 0.105086 0.0269472 0.133659 0.0265059 0.0297774 0.0746848 0.0181512 0.0197802 0.0898779
157 D 3.72247 0.0246785 0.040864 0.27818 0.0206969 0.0223661 0.0978844 0.0180517 0.0135951 0.022487 0.0287848 0.0315956 0.0660948 0.0277339 0.0208526 0.025033 0.0613844 0.0251525 0.0389774 0.0277339 0.107854
158 L 1.27019 0.000704735 0.00105005 0.000295118 0.00128556 0.749684 0.00123634 0.00265606 0.000619585 0.000950936 0.00555278 0.00312634 0.00120155 0.00219852 0.00233816 0.00210823 0.00109629 0.00291652 0.00134672 0.139585 0.0800475
159 D 3.93501 0.0258197 0.0194325 0.183966 0.118631 0.0242221 0.0450018 0.0319578 0.0110018 0.0195564 0.0210953 0.0250267 0.0703826 0.022246 0.048811 0.0765718 0.0243232 0.0667083 0.0635798 0.0262185 0.075448
160 E 3.04851 0.0252771 0.0374273 0.246631 0.0544573 0.0174766 0.0401934 0.00786469 0.00734344 0.0193351 0.0260758 0.00946229 0.0214851 0.0172201 0.36963 0.0474063 0.0124053 0.00718599 0.00985656 0.0103635 0.0129025
161 E 3.92601 0.0975395 0.0312169 0.0696114 0.214424 0.0540956 0.0623343 0.0341181 0.0230364 0.0516085 0.0222044 0.0190655 0.0226141 0.0415308 0.0809324 0.0584796 0.029106 0.0184651 0.0295893 0.0221179 0.0179105
162 H 1.88208 0.0116282 0.0161876 0.0105908 0.00658729 0.00582299 0.0752355 0.0499169 0.00606281 0.0118933 0.00512918 0.00602519 0.718636 0.00582139 0.00827423 0.0145469 0.0102531 0.0101861 0.00817626 0.0127588 0.00626704
163 Q 3.11773 0.0409034 0.0112295 0.00388353 0.0199748 0.0706461 0.00205137 0.00600969 0.236219 0.00963786 0.131504 0.227608 0.0025347 0.00286701 0.00783259 0.00452127 0.00695602 0.0188965 0.145912 0.00924351 0.0415702
164 G 3.6626 0.0224476 0.10767 0.0450839 0.0203073 0.0137869 0.236332 0.141263 0.00481379 0.0142151 0.0118402 0.0279334 0.0235438 0.0307093 0.030056 0.0373256 0.0625383 0.0158898 0.10623 0.0224227 0.0255911
165 L 3.68181 0.00794991 0.0533751 0.0090023 0.0113548 0.109227 0.0045092 0.0107499 0.0661288 0.00482234 0.0513304 0.0751608 0.0288158 0.0295352 0.0294584 0.012823 0.0104576 0.0953116 0.115989 0.205169 0.0688308
166 A 4.0565 0.106899 0.0290395 0.0376349 0.0479113 0.0185308 0.0192344 0.0366821 0.0435035 0.10456 0.11995 0.0355705 0.0178425 0.0139019 0.0365066 0.0462288 0.0818874 0.0614786 0.0680801 0.0597585 0.0147994
167 P 3.22843 0.040501 0.0293914 0.00803584 0.0119775 0.0126968 0.0426898 0.004672 0.120257 0.0118019 0.387732 0.0434385 0.00563358 0.051302 0.0293011 0.0177182 0.0130233 0.0318878 0.107305 0.00790646 0.0227283
168 A 3.46536 0.0428187 0.00422115 0.00441737 0.0345137 0.0195269 0.0128308 0.0346945 0.0499072 0.0474317 0.0380458 0.113153 0.00557584 0.00880196 0.0566256 0.0220833 0.336213 0.0857567 0.0222413 0.0400743 0.0210674
169 E 3.7183 0.0352709 0.0198181 0.0822987 0.236107 0.017326 0.0750513 0.0107933 0.026548 0.0561526 0.0229555 0.0125967 0.0486495 0.022322 0.0797793 0.0240117 0.0205426 0.018996 0.14657 0.0335913 0.0106192
170 L 3.56682 0.0180835 0.216025 0.0293304 0.0255077 0.0206453 0.0172546 0.017021 0.0192509 0.0211538 0.236632 0.0662436 0.0253706 0.0962256 0.0313434 0.067844 0.0134827 0.0175366 0.0285996 0.0181497 0.0142998
171 F 3.88441 0.020637 0.0395752 0.0369027 0.0203392 0.195167 0.0589542 0.0429881 0.0264918 0.0163194 0.124675 0.0143217 0.0280641 0.0497159 0.0325426 0.117307 0.044129 0.0175417 0.0558164 0.045783 0.0127294
172 A 3.67717 0.116212 0.00374099 0.0377254 0.159697 0.0368505 0.0158592 0.0423385 0.0060837 0.0970138 0.0153515 0.0157121 0.0209017 0.00924732 0.087265 0.153505 0.0301523 0.0271142 0.106587 0.00691567 0.0117274
173 R 2.7094 0.0239726 0.015824 0.00266968 0.151827 0.00149829 0.00901451 0.0201845 0.00232207 0.0042618 0.109612 0.461473 0.0031662 0.00883858 0.0840173 0.0419564 0.0226221 0.00364801 0.0176614 0.00629952 0.00913076
174 L 3.73922 0.0143606 0.113885 0.0353421 0.0191347 0.0461441 0.0247227 0.0346948 0.0131091 0.0191735 0.243475 0.131237 0.0180856 0.0556563 0.0318036 0.0486887 0.0644983 0.0172624 0.0216045 0.0232036 0.0239184
175 K 3.40482 0.0097848 0.0164278 0.0131416 0.0186912 0.0140141 0.0127179 0.00632191 0.104877 0.0889638 0.25489 0.0117564 0.0490365 0.0104034 0.0844759 0.0380011 0.0108083 0.0173945 0.202014 0.0197508 0.0165292
176 A 3.90558 0.207114 0.0181141 0.0544308 0.0188441 0.0354597 0.0322547 0.0323275 0.0246212 0.0273929 0.0513936 0.0229445 0.0575295 0.0311025 0.0959791 0.0854768 0.105822 0.0293255 0.0198852 0.0142414 0.0357405
177 R 3.6132 0.0513833 0.0869726 0.01201 0.035414 0.0366513 0.0631839 0.0307058 0.0494868 0.00165826 0.0498453 0.0245704 0.0820996 0.000645388 0.0181309 0.00202361 0.096643 0.272794 0.00738119 0.0381514 0.0402489
178 M 3.82992 0.00345731 0.0390055 0.00751944 0.0234595 0.136366 0.0100016 0.0770747 0.0139164 0.050914 0.0528395 0.0251051 0.00913944 0.108807 0.0937302 0.0971451 0.00406558 0.0306998 0.0403037 0.0583773 0.118073
179 P 3.82336 0.0182969 0.0230695 0.0201684 0.0196546 0.030041 0.0150173 0.0132103 0.145313 0.0419467 0.0872293 0.0127737 0.0191938 0.16286 0.0928657 0.0943056 0.0387377 0.0917133 0.0360909 0.0124247 0.0250876
180 D 3.95764 0.0697365 0.00871137 0.0952186 0.0259015 0.173944 0.0290993 0.024054 0.104864 0.0145901 0.0212517 0.0296978 0.0401251 0.038127 0.0187619 0.0612782 0.0372727 0.0510972 0.0217152 0.0513992 0.083154
181 G 3.80885 0.0303153 0.082161 0.015709 0.0150119 0.0254454 0.138103 0.0203724 0.0164341 0.0171176 0.0308619 0.0459187 0.0125233 0.0148679 0.0222575 0.0580886 0.084773 0.0650515 0.157969 0.011618 0.135401
182 E 3.92117 0.0805918 0.0585667 0.0251704 0.207872 0.0157214 0.0515326 0.0207929 0.0218616 0.0312499 0.0202085 0.0394736 0.0981118 0.0250795 0.0372852 0.0584883 0.0210342 0.0818948 0.0599171 0.0296052 0.0155427
183 D 3.66082 0.0375759 0.0393871 0.312926 0.023725 0.0235332 0.0642591 0.0332766 0.0233073 0.018342 0.0207588 0.0222725 0.0209741 0.0171762 0.0308566 0.112993 0.0273239 0.0273372 0.028636 0.0479715 0.0673673
184 L 3.6193 0.0165371 0.0226938 0.0237944 0.0232576 0.0135298 0.0276121 0.0154525 0.0158556 0.0199728 0.228643 0.103278 0.0241702 0.0892668 0.165678 0.106648 0.0207695 0.023081 0.015217 0.0160511 0.0284906
185 V 3.60057 0.0685678 0.0234728 0.0316015 0.053649 0.019013 0.0364555 0.0220212 0.034073 0.0111715 0.0863008 0.0501501 0.008038 0.0203431 0.0232083 0.0730205 0.034415 0.0249845 0.330667 0.0293666 0.0194813
186 V 3.70032 0.142947 0.0100639 0.0261653 0.025358 0.00790733 0.0672606 0.0102136 0.0236399 0.0269757 0.0829604 0.0228025 0.025518 0.0441229 0.0674988 0.0316531 0.0190909 0.0716102 0.245727 0.0129014 0.035583
187 T 3.70292 0.0794821 0.022102 0.0264188 0.0289026 0.0300735 0.0223061 0.0827174 0.0254529 0.0171706 0.0148099 0.035225 0.100943 0.0194345 0.0186829 0.0276357 0.0760668 0.282611 0.0455368 0.02818 0.0162479
188 H 3.79131 0.0201461 0.0797161 0.0396151 0.0190858 0.0139473 0.0109226 0.181877 0.0111368 0.0167884 0.0637295 0.0139473 0.121642 0.0856714 0.133779 0.0488241 0.024128 0.0228069 0.0129511 0.037774 0.0415116
189 G 3.66182 0.0525538 0.172861 0.0637079 0.00805878 0.0370628 0.236339 0.0181322 0.0232055 0.0192861 0.0393951 0.0130955 0.021692 0.0206606 0.0141905 0.0469992 0.0869837 0.0289226 0.0711054 0.0134149 0.0123341
