# POSITION WT SITE_ENTROPY PI_A PI_C PI_D PI_E PI_F PI_G PI_H PI_I PI_K PI_L PI_M PI_N PI_P PI_Q PI_R PI_S PI_T PI_V PI_W PI_Y
1 M 4.12771 0.0463175 0.039548 0.0714061 0.0636163 0.0571249 0.0362523 0.048432 0.140364 0.0613252 0.0327628 0.0285067 0.0714061 0.0380832 0.0103863 0.0277345 0.0533993 0.0285624 0.0162414 0.0571249 0.0714061
2 I 3.71988 0.0506032 0.00642035 0.00423743 0.00448405 0.117034 0.00426301 0.121069 0.0302415 0.147974 0.013242 0.047563 0.0802743 0.00472927 0.0448605 0.0188148 0.0208088 0.0364584 0.0762289 0.0344907 0.136203
3 E 3.85114 0.00733755 0.0254368 0.031129 0.0194597 0.165231 0.0174515 0.102349 0.023915 0.0352202 0.0343901 0.0097834 0.107617 0.0456558 0.0723971 0.0975023 0.0474551 0.0826974 0.00510438 0.00760931 0.062258
4 Q 4.01861 0.0145209 0.0177111 0.0263137 0.0542178 0.0546515 0.0903629 0.0438561 0.037591 0.0864148 0.12505 0.0202413 0.0712338 0.0716542 0.0303099 0.0286752 0.0102839 0.0227715 0.0944594 0.085393 0.014288
5 D 3.6677 0.0243244 0.00439724 0.00812919 0.050213 0.0321162 0.0556277 0.0311472 0.0567038 0.159446 0.202418 0.000638916 0.10357 0.0484718 0.0334679 0.0105783 0.0925239 0.0473076 0.0107977 0.0174424 0.010679
6 G 3.44382 0.0216954 0.00186745 0.0233432 0.0311242 0.0277005 0.00300056 0.000900964 0.0872631 0.181113 0.00694866 0.0267668 0.068978 0.247215 0.00202307 0.00707756 0.0627672 0.0637131 0.00933726 0.0715857 0.0555789
7 L 3.50353 0.02762 0.258225 0.00873693 0.143519 0.00637067 0.0800885 0.0132235 0.00436846 0.141817 0.0407701 0.025946 0.00978536 0.0448495 0.0524216 0.0293362 0.0527642 0.0109772 0.0295799 0.0101931 0.009409
8 H 3.65501 0.00994078 0.064615 0.0227621 0.0959436 0.0112374 0.0497039 0.0322177 0.0037762 0.0107692 0.0755298 0.0861534 0.0279584 0.274358 0.0484613 0.0310406 0.0323075 0.00850198 0.0477589 0.00881114 0.0581535
9 A 3.95432 0.0461123 0.0461489 0.015383 0.0439513 0.0246127 0.0675752 0.00769148 0.109671 0.115372 0.119568 0.0230744 0.0623415 0.115792 0.02186 0.0384574 0.0244872 0.0181799 0.0646084 0.0230744 0.0120388
10 G 3.90891 0.0433072 0.0706591 0.0211977 0.0353296 0.00974608 0.141659 0.0326119 0.0256942 0.0176648 0.0464331 0.0163059 0.0329743 0.0347504 0.0565273 0.0899298 0.0298093 0.0752178 0.177787 0.023553 0.0188424
11 S 3.45816 0.00390412 0.111689 0.0142891 0.0126493 0.0637152 0.00471027 0.0338487 0.0863645 0.00115746 0.132319 0.0380163 0.00174474 0.0382566 0.0727103 0.171067 0.00262592 0.013203 0.0158039 0.0020239 0.179902
12 P 3.79248 0.0445211 0.0294334 0.039271 0.0108123 0.0291099 0.020273 0.0236518 0.0301023 0.0308922 0.0434263 0.0236518 0.0344027 0.189851 0.189215 0.0501998 0.0523979 0.0997677 0.0344027 0.0183111 0.00630716
13 A 3.91818 0.0529797 0.0151384 0.145056 0.0289006 0.0105969 0.0148728 0.0360294 0.0200976 0.12431 0.0818851 0.0124669 0.0163029 0.0158953 0.0327999 0.0874664 0.0733631 0.100671 0.0572232 0.0454153 0.0285301
14 A 3.99237 0.0724305 0.0373217 0.0237084 0.0482071 0.0115697 0.0470594 0.0826408 0.020932 0.0859542 0.00774758 0.122928 0.0361554 0.0795418 0.0289243 0.0384631 0.109713 0.0865146 0.0349891 0.0120518 0.0131474
15 W 3.75184 0.026992 0.0664418 0.215936 0.011365 0.013496 0.0776019 0.026992 0.0176274 0.0222287 0.0953717 0.107968 0.013496 0.0159952 0.026992 0.0627167 0.0406331 0.00805731 0.0222287 0.10823 0.0196305
16 V 3.62121 0.108978 0.0163877 0.0138081 0.053772 0.00182085 0.0554864 0.0071696 0.00243037 0.21555 0.0290823 0.0163877 0.0399449 0.0071696 0.0619453 0.164635 0.0754135 0.0558986 0.0285716 0.0286784 0.0168696
17 E 3.88301 0.0335187 0.0581649 0.0517021 0.116606 0.0221581 0.0380309 0.0342146 0.0109745 0.0155106 0.0280796 0.00894844 0.0129255 0.104296 0.0847545 0.0738602 0.120003 0.0130871 0.0302457 0.13184 0.011079
18 R 3.46223 0.00686442 0.0287107 0.0452492 0.180044 0.0157181 0.0382747 0.100024 0.0333415 0.29098 0.0228627 0.0100024 0.0388984 0.0223269 0.00533464 0.0500652 0.0500122 0.0116695 0.0112272 0.0272794 0.0111138
19 L 3.61959 0.015678 0.130127 0.0371792 0.0110746 0.00929479 0.0193806 0.0153091 0.0300293 0.0153091 0.13043 0.0678924 0.0216879 0.0503718 0.0110746 0.0516681 0.0236595 0.0140678 0.046474 0.260254 0.0390381
20 F 3.81742 0.0622082 0.0691357 0.0263006 0.117531 0.0212671 0.0094276 0.0594622 0.0365058 0.192323 0.0215473 0.0466238 0.00474872 0.0413138 0.0213692 0.136467 0.0252047 0.0499619 0.018917 0.0183165 0.0213692
21 G 3.96969 0.0563102 0.0625669 0.0576274 0.0391043 0.0187701 0.15684 0.0260695 0.016465 0.127978 0.0226393 0.0521391 0.0330883 0.0295925 0.00823249 0.0469252 0.0920101 0.0248846 0.0794118 0.0297938 0.0195522
22 Y 3.92941 0.027329 0.133392 0.0373497 0.0393155 0.0515168 0.0164778 0.0373497 0.00732347 0.0359132 0.0522896 0.0466871 0.0380413 0.0180724 0.0387591 0.0367838 0.096042 0.0164778 0.0568365 0.0266783 0.187365
23 D 3.97664 0.0122323 0.078151 0.0939585 0.0432836 0.0104201 0.0165496 0.038365 0.101936 0.0500166 0.0460958 0.00228735 0.0703359 0.0393276 0.0227348 0.0553068 0.0425399 0.149464 0.017584 0.0625208 0.0468906
24 W 3.83955 0.0190164 0.114893 0.0249929 0.0249929 0.0282178 0.0610292 0.0242987 0.0269155 0.13996 0.0882928 0.0318092 0.0740175 0.0112871 0.017495 0.0455932 0.0395049 0.017495 0.0259186 0.175522 0.00874752
25 A 4.03239 0.0715565 0.0714655 0.0420385 0.0553281 0.0714655 0.0214396 0.0714655 0.0428793 0.113154 0.013102 0.0357327 0.00255234 0.0186432 0.0617202 0.0191997 0.0599388 0.034767 0.128042 0.0238218 0.0416882
26 Q 3.95662 0.00787696 0.0220555 0.028768 0.100252 0.026897 0.0200505 0.133252 0.028768 0.0630157 0.125829 0.0330832 0.0327852 0.0220555 0.110526 0.0721312 0.0318875 0.0275694 0.0194607 0.0661665 0.0275694
27 Q 2.70569 0.00365189 0.0170527 0.00561254 0.0253604 0.0142652 0.00832137 0.00877859 0.521296 0.0126802 0.00310535 0.0489093 0.0570608 0.0209611 0.0380528 0.0185976 0.00619265 0.0570608 0.118469 0.0105668 0.00400427
28 T 3.94411 0.143996 0.0241485 0.0277707 0.0079345 0.0229827 0.0130686 0.104351 0.020959 0.0403938 0.0336615 0.111083 0.0507808 0.031738 0.0170897 0.087833 0.0415501 0.111337 0.0233859 0.0444332 0.0415035
29 I 4.08145 0.024382 0.0210572 0.0308839 0.0214471 0.0588264 0.0491334 0.0772096 0.154824 0.0237568 0.0784754 0.0894006 0.0432374 0.0215855 0.0498127 0.0268555 0.0622658 0.0326656 0.0400346 0.0617677 0.0323782
30 G 3.89888 0.0405059 0.0891129 0.00869394 0.0216031 0.0462067 0.178823 0.0350608 0.0222782 0.0375212 0.0222782 0.118817 0.0254608 0.0198029 0.0297043 0.0487599 0.109816 0.0165024 0.0770706 0.0297043 0.0222782
31 C 1.71677 0.00214732 0.0106483 0.0143154 0.00218708 0.00905899 0.00211707 0.00398787 0.00247767 0.657168 0.0281372 0.00357886 0.00263705 0.0033905 0.211341 0.0283923 0.0069472 0.00165178 0.00498484 0.00268414 0.00214732
32 S 3.97642 0.0305797 0.0419379 0.039142 0.0412021 0.0326183 0.0489275 0.0489275 0.0849308 0.0139793 0.0500148 0.0326183 0.0303688 0.00889591 0.0232988 0.0846314 0.196283 0.0473145 0.0869822 0.039142 0.0182056
33 D 3.35301 0.0197451 0.0140684 0.0293901 0.0134626 0.00473882 0.195688 0.00740441 0.00670588 0.0271495 0.0188714 0.0197451 0.0163842 0.112799 0.0222132 0.0392801 0.184144 0.222765 0.0169244 0.00987254 0.0186481
34 A 3.97908 0.137865 0.0196494 0.00625208 0.047842 0.0305657 0.0368426 0.0167739 0.0171932 0.0589481 0.0130111 0.023921 0.0392988 0.0443696 0.10889 0.0975324 0.110528 0.0550183 0.0601762 0.0458486 0.0294741
35 A 3.61667 0.0457616 0.030533 0.0122132 0.0361575 0.0369351 0.0197771 0.0505374 0.0598198 0.0196284 0.0174038 0.0168735 0.0590305 0.0171748 0.0228998 0.0280707 0.107893 0.312582 0.0331881 0.00482101 0.0686993
36 V 3.80127 0.0520286 0.0175005 0.0770023 0.0641686 0.0160421 0.124869 0.0296163 0.00785738 0.0178246 0.0840518 0.0792671 0.0175005 0.00740407 0.0577517 0.0495559 0.010267 0.0130512 0.193087 0.0169858 0.0641686
37 F 3.85693 0.0283367 0.0251334 0.0296446 0.0251334 0.193203 0.0289034 0.0340041 0.0148223 0.0335112 0.0471893 0.0722586 0.0169026 0.0505415 0.0350345 0.0091757 0.124682 0.0467126 0.0583908 0.00713665 0.119284
38 R 3.77051 0.0188157 0.0694285 0.0106622 0.0133278 0.0167251 0.0396026 0.0834436 0.0278145 0.0328069 0.118469 0.0164034 0.0380794 0.0247959 0.0568653 0.213905 0.122302 0.0369078 0.00913906 0.0149645 0.0355408
39 L 3.56635 0.0187401 0.0499737 0.0168015 0.0270691 0.0245154 0.302881 0.0299185 0.0224882 0.0249868 0.162788 0.0812072 0.0232021 0.0270691 0.00955379 0.041145 0.0300768 0.0243622 0.011601 0.0360921 0.0355282
40 S 3.705 0.0172421 0.0206905 0.0114947 0.0359835 0.0100115 0.0306526 0.0480315 0.0626985 0.0172421 0.00535099 0.0182563 0.0265263 0.0201158 0.080463 0.0541894 0.103656 0.194734 0.0225714 0.185606 0.0344842
41 A 3.13156 0.0846119 0.406947 0.0105576 0.0429461 0.0105576 0.00974546 0.00228272 0.00703839 0.0361974 0.0044453 0.018769 0.0577889 0.00703839 0.0668647 0.0217963 0.0663619 0.106983 0.0156069 0.0140768 0.00938452
42 Q 3.91162 0.0696376 0.0206334 0.0283709 0.121221 0.0238315 0.0111016 0.0425563 0.0170225 0.099298 0.0207087 0.0243179 0.00366076 0.0900302 0.0567514 0.0816737 0.102976 0.119065 0.0198596 0.0283709 0.0189139
43 G 2.72323 0.00798106 0.0538721 0.0143659 0.00845053 0.0307841 0.0357865 0.0286196 0.00448934 0.0143659 0.013468 0.0359148 0.0739421 0.0140155 0.0307841 0.0171023 0.556418 0.0226419 0.0162472 0.00478863 0.0159621
44 R 3.76988 0.0206468 0.00858047 0.0208553 0.0250264 0.0287537 0.0884494 0.0500528 0.0281547 0.231494 0.0693038 0.0300317 0.0300317 0.0190341 0.0600633 0.150564 0.0166843 0.0202917 0.0250264 0.0300317 0.0469245
45 P 3.99004 0.0133174 0.0169028 0.0732456 0.0901484 0.031391 0.0128501 0.061038 0.0399521 0.146491 0.0150247 0.00784774 0.0688064 0.0733569 0.0732456 0.0693564 0.0217757 0.0329605 0.0195321 0.0732456 0.059512
46 V 3.36739 0.171861 0.0546372 0.0187002 0.0101812 0.00119002 0.128056 0.0140252 0.00886753 0.0196353 0.0152462 0.0196353 0.0490881 0.0617108 0.00392705 0.015104 0.0792962 0.273186 0.0392183 0.00170741 0.0147264
47 L 3.87317 0.0147639 0.0654153 0.0195494 0.0157481 0.105391 0.0219104 0.111024 0.00821641 0.0594929 0.0946589 0.0944887 0.0314962 0.0897643 0.0357525 0.0645673 0.0134984 0.0120624 0.010215 0.0104987 0.121486
48 F 3.86964 0.0397873 0.0287353 0.0172412 0.0123151 0.172911 0.0188575 0.0862058 0.0207725 0.129309 0.0862058 0.0143676 0.0172412 0.0200479 0.0795746 0.00931955 0.0618079 0.0323272 0.0559173 0.0265249 0.070532
49 V 3.79834 0.0713066 0.0181096 0.0298276 0.0603654 0.0298276 0.069722 0.0298276 0.0475377 0.0158459 0.118316 0.0181096 0.0181096 0.0257832 0.0187803 0.0521983 0.0400318 0.0253535 0.254343 0.0230486 0.0335561
50 K 3.96603 0.0159197 0.0240646 0.0132664 0.037492 0.0316769 0.0336513 0.0164251 0.0431158 0.172965 0.0224952 0.0431158 0.0470354 0.0226925 0.0524888 0.108588 0.109308 0.0246376 0.0710142 0.0689853 0.0410627
51 T 3.73219 0.0364153 0.242769 0.0693625 0.019166 0.0242769 0.0183916 0.0364153 0.0373491 0.00958298 0.0255931 0.0303461 0.113292 0.0282289 0.0728307 0.0196177 0.0378083 0.121764 0.0151731 0.0346813 0.00693625
52 D 3.24354 0.313679 0.0849092 0.014975 0.113559 0.00946322 0.00771902 0.00252353 0.0595323 0.0113559 0.00667237 0.00481764 0.00841175 0.00594831 0.0567793 0.00205304 0.111146 0.116185 0.0425117 0.00757058 0.0201882
53 L 3.86962 0.0685036 0.00556891 0.0116191 0.0556891 0.0577068 0.00839372 0.0618381 0.0138941 0.160668 0.0240259 0.0197443 0.0315571 0.0171117 0.0172371 0.0941485 0.0477276 0.0264523 0.101052 0.0546144 0.122447
54 S 3.6978 0.0133102 0.0119451 0.0211753 0.198766 0.0103524 0.0310572 0.206308 0.0677611 0.0169403 0.0262455 0.0149074 0.0334011 0.0216975 0.0465857 0.0587215 0.0933655 0.0199653 0.0236405 0.0465857 0.0372686
55 G 3.61004 0.0181871 0.0476171 0.056687 0.0107246 0.0158724 0.079533 0.296744 0.00690102 0.0158724 0.06003 0.0793618 0.0340122 0.00661348 0.0793618 0.0627214 0.0287053 0.0102402 0.0496011 0.0103515 0.0308629
56 A 3.88508 0.0887288 0.0168705 0.131513 0.164488 0.011969 0.0227752 0.0595558 0.0199283 0.0553564 0.0186464 0.0161037 0.0398566 0.0628563 0.0664277 0.00830346 0.0513926 0.0213017 0.0442851 0.0885702 0.0110713
57 L 3.76836 0.0347983 0.0199299 0.0386875 0.00755963 0.0341656 0.0279867 0.0484013 0.0411055 0.0438459 0.219958 0.0243588 0.0131538 0.106941 0.0243588 0.164965 0.0330346 0.0466445 0.0313185 0.0168638 0.0219229
58 N 4.06782 0.0660473 0.0151909 0.0455726 0.0736527 0.0607635 0.0321689 0.0506363 0.0434025 0.101926 0.0337575 0.034722 0.121837 0.0213205 0.0729162 0.105202 0.027006 0.0217013 0.0238511 0.0142973 0.0340276
59 E 3.97976 0.0618062 0.0529767 0.0643289 0.185992 0.0343368 0.0327209 0.0206021 0.0276155 0.0842812 0.0630423 0.0445005 0.0463546 0.0264884 0.114104 0.0218139 0.0208335 0.0268723 0.0218139 0.0285259 0.0209908
60 L 3.86533 0.0235246 0.0283166 0.0703033 0.0543679 0.0281213 0.0167802 0.0226533 0.0792865 0.00715367 0.13635 0.176696 0.0543679 0.0667242 0.0188777 0.0970855 0.0448791 0.0185345 0.0190764 0.0159906 0.0209107
61 Q 3.94506 0.0300986 0.0398364 0.0752466 0.14395 0.0165798 0.0137646 0.108167 0.0398364 0.0827713 0.0152285 0.0150493 0.0164602 0.0217819 0.0754121 0.0408949 0.0138208 0.0283717 0.0346134 0.0940582 0.0940582
62 D 3.18066 0.0139483 0.0237878 0.102517 0.455345 0.0340959 0.0292251 0.0438376 0.0232472 0.0177892 0.0308627 0.0204575 0.0298339 0.0108487 0.0161507 0.0219188 0.0229626 0.0151782 0.0334402 0.0340959 0.0204575
63 E 3.97 0.120365 0.0319504 0.0789175 0.15219 0.026782 0.0661537 0.0148063 0.0313995 0.0439318 0.102601 0.0216806 0.0197954 0.0436323 0.0758822 0.0505881 0.0362422 0.0244781 0.0144538 0.0137968 0.0303529
64 A 3.92061 0.158892 0.12684 0.011325 0.0634201 0.0396375 0.0429407 0.0132125 0.0293611 0.0475651 0.0297282 0.015855 0.0166895 0.0346829 0.03171 0.0420254 0.131525 0.02265 0.0739901 0.0453001 0.02265
65 A 3.24346 0.0840658 0.0244223 0.0279839 0.0607926 0.013992 0.0039977 0.0239862 0.0235065 0.0223871 0.0121509 0.0419759 0.0100742 0.0330719 0.0466398 0.017674 0.0322239 0.0130592 0.433372 0.0419759 0.0326479
66 R 3.85215 0.0188068 0.0417021 0.0239787 0.0342553 0.00888101 0.0629744 0.0639433 0.00695035 0.0242209 0.0417021 0.159858 0.017282 0.0841359 0.0236827 0.160267 0.10415 0.0207224 0.0447603 0.0399645 0.017762
67 L 3.96779 0.0126362 0.0178393 0.0168483 0.067393 0.0551397 0.0367598 0.124064 0.0275699 0.00978286 0.152005 0.0758171 0.0202179 0.0758171 0.0433241 0.0532769 0.0463005 0.0379086 0.0416994 0.0758171 0.00978286
68 S 3.8939 0.11541 0.00596947 0.018548 0.0692459 0.0187151 0.0509161 0.0270492 0.0483111 0.114783 0.0204236 0.0167041 0.0328321 0.0139609 0.0865574 0.158223 0.086673 0.0288525 0.037096 0.0309133 0.0188168
69 W 3.80639 0.0275622 0.0201248 0.0342665 0.0367496 0.0704366 0.0916794 0.0176092 0.030816 0.0256133 0.0791206 0.0469578 0.0234789 0.00521753 0.0122499 0.0197223 0.0813935 0.00957391 0.0325092 0.141218 0.193701
70 L 3.96844 0.0250843 0.0473691 0.0518226 0.0210529 0.0464616 0.0538955 0.013656 0.0265932 0.0320806 0.168813 0.107179 0.0336847 0.107179 0.0140353 0.0665376 0.0195274 0.0701764 0.0535893 0.0202108 0.0210529
71 A 3.97665 0.126919 0.0633177 0.0140706 0.126635 0.0316589 0.0546835 0.0422118 0.0340942 0.0188606 0.00974119 0.0211059 0.0678404 0.0346581 0.0668354 0.0427823 0.128075 0.0143361 0.048706 0.0253271 0.0281412
72 T 3.94367 0.0119841 0.0359523 0.0396771 0.0174768 0.0466048 0.0406922 0.0332891 0.0364733 0.0806621 0.0206768 0.0233024 0.0680178 0.0621397 0.0524304 0.0372087 0.098022 0.210412 0.0209722 0.0190656 0.0449403
73 T 3.84619 0.0760172 0.0350849 0.0240054 0.0297459 0.0233899 0.0067074 0.0350849 0.0865023 0.0134148 0.0246542 0.0380086 0.0651576 0.0200045 0.0268296 0.0180041 0.0394163 0.228678 0.0621959 0.0434384 0.10366
74 G 3.60882 0.146815 0.159399 0.00516572 0.016906 0.0164087 0.186435 0.0507179 0.0103314 0.0256505 0.0269516 0.0143051 0.0195753 0.0236684 0.0148773 0.0371932 0.0190734 0.0395672 0.143051 0.0206629 0.0232457
75 V 3.874 0.0876622 0.0153256 0.0770656 0.00899099 0.014985 0.0168581 0.0224775 0.0872655 0.0168581 0.0574424 0.0899099 0.0141963 0.0252872 0.0930102 0.0215784 0.0192664 0.0280968 0.135143 0.134865 0.0337162
76 P 3.87299 0.0144807 0.0154149 0.0227553 0.0207766 0.00965377 0.0420759 0.0458963 0.0238931 0.0289613 0.10888 0.0530958 0.0597327 0.159681 0.119465 0.0746029 0.0915444 0.0604193 0.00568883 0.00884929 0.034133
77 C 4.00616 0.0184491 0.203687 0.0434872 0.0468324 0.0811761 0.045558 0.0238753 0.0437714 0.0468324 0.0280798 0.0676468 0.0169117 0.0392788 0.0676468 0.061265 0.0231932 0.0541174 0.0350401 0.0338234 0.0193277
78 A 3.80206 0.23536 0.00781622 0.0109916 0.021317 0.0218127 0.0401977 0.0270562 0.0284226 0.0275867 0.0179122 0.0639509 0.0228768 0.0234487 0.0746094 0.114158 0.0512097 0.0450025 0.0191418 0.0781622 0.0689667
79 A 3.28952 0.0359102 0.00718525 0.0130641 0.0233521 0.00567257 0.0387775 0.0242745 0.218035 0.254478 0.00613375 0.0119754 0.0538894 0.0172722 0.102252 0.125343 0.0272013 0.0236357 0.00606547 0.00359262 0.00189086
80 V 3.68825 0.0291735 0.0401135 0.0107481 0.0204214 0.0113452 0.0408429 0.0120126 0.114871 0.0149425 0.088672 0.0378175 0.0226905 0.0149425 0.0204214 0.117683 0.0160618 0.0122529 0.20481 0.136143 0.0340357
81 L 3.90474 0.0161739 0.0226435 0.0377391 0.143409 0.0121304 0.0481776 0.0156162 0.0893821 0.0261271 0.113475 0.129391 0.0129391 0.0497052 0.0366291 0.0715057 0.0141522 0.0426616 0.0783812 0.0161739 0.0235869
82 D 3.82698 0.0280366 0.0327093 0.196873 0.024532 0.0218062 0.0436124 0.105676 0.0103293 0.0392512 0.0120157 0.130837 0.0735959 0.018691 0.0392512 0.0055025 0.0190804 0.0600783 0.0350457 0.0280366 0.075039
83 V 2.57932 0.0441199 0.0113868 0.00992698 0.0553075 0.587377 0.0411466 0.00238983 0.0124888 0.0129051 0.0269323 0.028678 0.00430169 0.0127458 0.00815838 0.0342613 0.0324281 0.0134428 0.0429392 0.00537712 0.0136872
84 V 3.89969 0.0867501 0.0716631 0.0249263 0.0119439 0.0204752 0.0286653 0.00609899 0.0573305 0.0136501 0.0745297 0.0537474 0.0325742 0.017298 0.161242 0.0252929 0.0492684 0.0605155 0.143658 0.0429979 0.0173729
85 T 3.96276 0.0690014 0.0527617 0.0307294 0.0332902 0.0177547 0.00998705 0.0142672 0.0551009 0.0856032 0.0405724 0.0153647 0.048422 0.0226122 0.0665803 0.0292304 0.0544748 0.200359 0.0755776 0.0460941 0.0322163
86 E 3.97661 0.0767329 0.134283 0.0537131 0.11534 0.0511553 0.023979 0.0153466 0.0298406 0.0493283 0.0460398 0.0328855 0.0226425 0.0431623 0.115099 0.0132807 0.0088538 0.0148515 0.0287749 0.0863246 0.0383665
87 A 3.86871 0.0983666 0.00852959 0.0445865 0.156944 0.0130787 0.0840774 0.0416141 0.0165205 0.0605852 0.015821 0.158813 0.015821 0.031529 0.0258132 0.0211271 0.0633814 0.0253682 0.0267519 0.0288501 0.0624211
88 G 3.8874 0.0225942 0.049945 0.070293 0.0168255 0.0790796 0.158588 0.0632637 0.00385754 0.0287562 0.0258219 0.0790796 0.0175733 0.00608305 0.0243322 0.152076 0.0436821 0.0239635 0.0442846 0.0316319 0.0582692
89 R 3.98633 0.0260619 0.0699467 0.0123202 0.0297487 0.0677608 0.0381155 0.0692666 0.162626 0.0244383 0.041699 0.0677608 0.0173006 0.0327121 0.0451739 0.13587 0.0560156 0.0327121 0.0216835 0.0271043 0.0216835
90 D 3.99436 0.0646443 0.0888387 0.160367 0.0266516 0.015991 0.0349228 0.0339202 0.0182754 0.0456885 0.00652693 0.0399774 0.0615037 0.032802 0.0447747 0.0166573 0.0270616 0.0759571 0.0266516 0.0888387 0.0899492
91 W 3.96642 0.0230832 0.0556648 0.033051 0.0146893 0.0755451 0.13621 0.0185549 0.0225028 0.0243134 0.0578393 0.0391716 0.0423053 0.0195858 0.0737883 0.0282035 0.0521152 0.0377726 0.0286954 0.176846 0.0400618
92 L 3.9695 0.0279404 0.0400684 0.0311643 0.00667806 0.0311643 0.0415524 0.0128956 0.0373971 0.0311643 0.187493 0.106849 0.048082 0.0405136 0.0692539 0.0393654 0.0215753 0.0492067 0.0581733 0.0934928 0.0259702
93 L 3.97755 0.0414696 0.0572935 0.0544289 0.0292628 0.0604765 0.0426893 0.0259185 0.00892277 0.0558245 0.181989 0.0742212 0.0259185 0.0735525 0.0187686 0.0662362 0.0314478 0.0259185 0.0943434 0.0086395 0.0226787
94 L 3.89675 0.0463563 0.040617 0.016403 0.00927127 0.0355399 0.025087 0.0710797 0.010662 0.0426478 0.213833 0.0336693 0.0710797 0.0977346 0.0399823 0.0533098 0.0122551 0.0780608 0.04537 0.0399823 0.0170591
95 G 3.83585 0.0283307 0.0825498 0.0118806 0.016013 0.0297015 0.184679 0.0354134 0.0112745 0.105228 0.0233429 0.0230187 0.0566614 0.0179658 0.0526141 0.131535 0.0441959 0.00511526 0.0745367 0.0220979 0.0438451
96 E 3.6889 0.0313393 0.00570592 0.0089155 0.143139 0.0150156 0.0530784 0.0611349 0.009726 0.0570592 0.0254729 0.071324 0.142648 0.00633991 0.133733 0.0105665 0.0101891 0.0305674 0.0219459 0.142648 0.019452
97 V 3.82311 0.0593635 0.0331846 0.0326173 0.034693 0.0535611 0.0545175 0.0149656 0.00620524 0.0331846 0.0730767 0.036345 0.0254415 0.0226147 0.0181725 0.0962651 0.0331846 0.0614105 0.255334 0.0181725 0.0376911
98 P 3.83349 0.0144013 0.0241943 0.018516 0.024688 0.030497 0.0394142 0.021602 0.0144013 0.115211 0.0384036 0.0120569 0.037032 0.173338 0.132935 0.0526549 0.0746251 0.10801 0.0201619 0.0345632 0.0132935
99 G 3.92447 0.0465401 0.0956657 0.0409996 0.0521813 0.0478329 0.191914 0.0255109 0.00900383 0.0273331 0.0292312 0.0717493 0.00407088 0.0225096 0.00780945 0.0376122 0.0866407 0.0402803 0.072574 0.0546661 0.0358747
100 Q 3.94331 0.0293421 0.0370637 0.0234737 0.0923554 0.0176053 0.0190327 0.0648615 0.0456433 0.0712594 0.0653098 0.0207121 0.0167669 0.0631132 0.176541 0.0428846 0.025821 0.0586842 0.105632 0.010356 0.0135425
101 D 3.93054 0.105459 0.020217 0.157095 0.094009 0.0149221 0.0447662 0.0245775 0.0136245 0.00746103 0.0120524 0.0723146 0.0447662 0.0136245 0.0783408 0.0212173 0.0522272 0.0348181 0.0709964 0.0783408 0.0391704
102 L 3.81608 0.0460982 0.0237476 0.0663294 0.0415582 0.00903076 0.080148 0.0106864 0.0227977 0.026716 0.214531 0.0739828 0.0246609 0.106864 0.0407101 0.108092 0.0171965 0.0219208 0.0251445 0.0194298 0.020355
103 L 3.78481 0.00977659 0.0182496 0.0608321 0.0547489 0.0273745 0.0228121 0.0136872 0.0105286 0.0547489 0.274626 0.0456241 0.0342181 0.0695961 0.0684362 0.0304161 0.0483079 0.0342181 0.0486657 0.0161026 0.0570301
104 S 3.88424 0.0170395 0.0402174 0.015 0.0284616 0.0448485 0.0648702 0.0435295 0.0375782 0.0115625 0.0471569 0.0284616 0.0146053 0.017165 0.0616668 0.110486 0.18563 0.124214 0.0353677 0.0616668 0.0104717
105 S 3.85901 0.0604372 0.0906558 0.046382 0.0135984 0.013947 0.106197 0.00518033 0.0453279 0.0292438 0.0799 0.0120874 0.00929803 0.0157662 0.0604372 0.0725246 0.181755 0.0604372 0.0218824 0.0145049 0.0604372
106 H 3.98054 0.0302258 0.0337818 0.0834609 0.110559 0.00844545 0.0457689 0.101581 0.0135127 0.0289558 0.0107488 0.0456054 0.0723896 0.0878327 0.0595404 0.0675636 0.11148 0.0184264 0.018855 0.00980762 0.0414595
107 L 3.92277 0.0226289 0.0524579 0.030054 0.0106859 0.0240432 0.012823 0.0339434 0.0213717 0.0339434 0.192858 0.12823 0.0366373 0.0987721 0.0496376 0.0337449 0.02927 0.0295916 0.0471051 0.0641152 0.0480864
108 A 3.73961 0.137058 0.039089 0.0210479 0.0400424 0.0165832 0.122021 0.0195445 0.0132398 0.0171014 0.00994992 0.0273623 0.0136811 0.181424 0.0273623 0.0200212 0.115383 0.0397194 0.0982236 0.0195445 0.0216018
109 P 4.06958 0.0257103 0.00714176 0.0749885 0.0428505 0.0473611 0.0535632 0.0374942 0.0499923 0.0249962 0.0920313 0.0230734 0.0749885 0.150275 0.0549915 0.0159066 0.0294598 0.0699892 0.0451985 0.0499923 0.0299954
110 A 3.916 0.13664 0.0254365 0.0559045 0.119234 0.0340668 0.0123879 0.0358598 0.0358598 0.0260937 0.0295011 0.0151408 0.1022 0.0141945 0.0136267 0.0230606 0.123412 0.0247758 0.0545069 0.0908448 0.0272534
111 E 3.93134 0.00626627 0.0277506 0.0971271 0.194868 0.0364227 0.054634 0.0140425 0.0337834 0.0416259 0.114267 0.035319 0.0408956 0.0350295 0.0613435 0.0529784 0.025616 0.0492884 0.0388509 0.0121409 0.0277506
112 K 3.8694 0.0242023 0.0291754 0.0322697 0.0774473 0.0168364 0.034752 0.0322697 0.0322697 0.194215 0.0305713 0.0968091 0.0516315 0.0138299 0.154895 0.0233677 0.0227786 0.0451776 0.0200295 0.0322697 0.0352033
113 V 3.93557 0.0664074 0.0166019 0.0306496 0.0398445 0.0332037 0.0255413 0.026563 0.0468758 0.0189736 0.0610949 0.0459744 0.0597667 0.0189736 0.00498056 0.038207 0.0426905 0.11038 0.199816 0.0796889 0.0337665
114 S 3.00801 0.243372 0.386783 0.0124532 0.0260925 0.00830216 0.0294349 0.00830216 0.0139476 0.0332086 0.0365295 0.0153271 0.0160687 0.0100812 0.00957941 0.0421494 0.0497715 0.0104447 0.0132835 0.0249065 0.00996259
115 I 3.94532 0.00485187 0.0234032 0.0745976 0.043245 0.0351047 0.0160425 0.0331545 0.199465 0.044657 0.0293499 0.0663089 0.0306041 0.0643587 0.0120562 0.0444968 0.0343824 0.0497317 0.0284181 0.0994634 0.0663089
116 M 3.82641 0.0225423 0.0397174 0.0446821 0.0417033 0.00595762 0.0122657 0.0438982 0.110391 0.0260646 0.0347528 0.209128 0.0271978 0.0227097 0.0115843 0.10956 0.0165865 0.0868819 0.0695055 0.0231685 0.0417033
117 A 3.81516 0.210573 0.0131176 0.0349803 0.149916 0.0286202 0.0524704 0.0441856 0.0419764 0.0419764 0.0212539 0.0262352 0.0203111 0.00349803 0.0374789 0.0386624 0.0963392 0.0304667 0.0559685 0.00999437 0.0419764
118 D 3.86559 0.0617626 0.02135 0.192841 0.0960751 0.0163532 0.02835 0.14945 0.045595 0.0142334 0.0220172 0.02745 0.0480376 0.00817661 0.0549001 0.0199637 0.0403278 0.0262023 0.052189 0.032025 0.0427001
119 A 3.83611 0.231524 0.0577169 0.0171013 0.0659622 0.0521314 0.0311983 0.017759 0.0501886 0.124313 0.0109937 0.0318438 0.012826 0.0439748 0.025652 0.0131924 0.0692603 0.0288585 0.0436777 0.025652 0.0461735
120 M 3.91925 0.0185979 0.0284439 0.0389957 0.0268637 0.037777 0.0283713 0.0213329 0.115631 0.0604433 0.184751 0.121179 0.0315356 0.0134318 0.0162732 0.0270641 0.0201478 0.057262 0.0619175 0.0367916 0.0531901
121 R 4.06046 0.026849 0.0307543 0.0576644 0.0219674 0.0290919 0.0501429 0.0369052 0.0339728 0.0717601 0.108643 0.0768858 0.0307543 0.0512572 0.0256286 0.154219 0.0631273 0.0630858 0.027384 0.0219674 0.01794
122 R 3.46318 0.0250799 0.0250799 0.0334399 0.0208999 0.0417999 0.0208999 0.015675 0.0313499 0.0417999 0.373424 0.0447856 0.0130625 0.00391874 0.0501598 0.0626422 0.0406569 0.0229095 0.0143314 0.0919597 0.0261249
123 L 3.91775 0.0127322 0.0227731 0.0430936 0.059417 0.0560217 0.0285601 0.019452 0.0186739 0.0400155 0.187333 0.0560217 0.0933695 0.0783099 0.0280109 0.0910922 0.0191527 0.0101858 0.0816983 0.0119195 0.0421669
124 H 4.01963 0.0498858 0.0346315 0.0689332 0.0108842 0.0145122 0.0184826 0.109106 0.0210662 0.0286426 0.0158146 0.0241871 0.0890524 0.119726 0.059863 0.0334898 0.0472333 0.0625841 0.0286426 0.0544209 0.108842
125 T 3.75825 0.0538151 0.0213321 0.00627415 0.0399977 0.0145446 0.0333314 0.0177768 0.0378926 0.0266651 0.00975553 0.106661 0.0829582 0.0696734 0.239986 0.0553814 0.057869 0.080139 0.0151343 0.0159991 0.014814
126 L 3.79662 0.0282891 0.0424336 0.0388975 0.0291731 0.015559 0.0388975 0.0183047 0.00972437 0.0388975 0.155932 0.116692 0.00972437 0.111916 0.00471485 0.0212168 0.0150571 0.0345756 0.0686426 0.15559 0.0457618
127 D 3.48985 0.00835071 0.0172581 0.12973 0.0497831 0.0178532 0.026551 0.0431453 0.0110158 0.0204373 0.0101518 0.129436 0.0597397 0.0335575 0.0266486 0.0129436 0.303677 0.0205921 0.00808975 0.0258872 0.0451521
128 P 4.05695 0.0396531 0.0281977 0.00979088 0.0311004 0.0293726 0.0316321 0.0293726 0.0822434 0.0556534 0.0280956 0.044059 0.0414673 0.1767 0.0822434 0.0550737 0.0400536 0.0712443 0.0275369 0.0377648 0.0587453
129 A 3.86448 0.146362 0.0208588 0.00540783 0.0821315 0.0280791 0.0140734 0.0224633 0.0148991 0.0270392 0.0429446 0.0417176 0.0201395 0.0365029 0.0584046 0.132429 0.146012 0.0365029 0.0584046 0.0112317 0.0543965
130 T 3.80996 0.0226586 0.0226586 0.0453171 0.0247184 0.0226586 0.0142171 0.181269 0.0217522 0.0684792 0.095166 0.0652567 0.0524725 0.0146975 0.020141 0.0239914 0.0414952 0.181755 0.0120846 0.0362537 0.0329579
131 C 3.93705 0.0205817 0.216773 0.0450225 0.0293028 0.084564 0.0216108 0.0454964 0.0216108 0.018009 0.0249356 0.0432216 0.044712 0.029808 0.064032 0.0432216 0.0597141 0.0879084 0.012349 0.0589386 0.028188
132 P 3.81167 0.0747533 0.158851 0.0244386 0.1059 0.0276262 0.00774882 0.0109552 0.0109552 0.0198563 0.0529502 0.0453859 0.0297845 0.159318 0.0529502 0.0529502 0.0355636 0.0878749 0.00756432 0.0158851 0.0186883
133 F 3.76785 0.0231558 0.0384887 0.0158231 0.0296684 0.237943 0.0712041 0.0365149 0.0086308 0.0173668 0.0558463 0.0474694 0.0148342 0.0977311 0.0593367 0.0115779 0.0409219 0.0177125 0.118673 0.0158231 0.0412777
134 D 3.68461 0.0214215 0.0287048 0.143893 0.0276008 0.0226617 0.0509279 0.0430572 0.0191365 0.00797356 0.0287048 0.143524 0.0637885 0.0307552 0.227247 0.0117643 0.0228334 0.0151078 0.0191365 0.0159471 0.0558149
135 H 3.72468 0.0158574 0.0133202 0.0210319 0.0128905 0.0190288 0.0292394 0.200376 0.0249754 0.0204926 0.0352593 0.0307389 0.105778 0.0596814 0.0333005 0.0484371 0.0355205 0.0476802 0.0312192 0.199803 0.0153695
136 Q 3.83805 0.0155499 0.0291561 0.023855 0.0380297 0.0145781 0.0308712 0.0656013 0.0205808 0.127227 0.00647914 0.0451449 0.0304238 0.0828647 0.175467 0.118957 0.0421534 0.0704013 0.0097187 0.0437342 0.00920719
137 A 3.2161 0.0214318 0.00746296 0.00126535 0.00860435 0.0989501 0.0058666 0.00183071 0.265723 0.0286812 0.0708067 0.0676056 0.0023901 0.00307298 0.0130277 0.137501 0.0111024 0.00312886 0.0892303 0.00622683 0.156092
138 K 3.83491 0.04261 0.0479363 0.0106525 0.0479363 0.0239681 0.025566 0.0359522 0.0319575 0.192212 0.018556 0.0136961 0.0290523 0.0287618 0.0252296 0.172571 0.0334439 0.0479363 0.0479363 0.021305 0.102721
139 H 4.02378 0.063445 0.0103708 0.0522774 0.0354791 0.0539282 0.0143426 0.135265 0.0262151 0.042748 0.0309222 0.00963004 0.0829665 0.106222 0.0817094 0.0444769 0.0218628 0.0277572 0.0211165 0.0622249 0.0770403
140 R 3.72483 0.0566156 0.0754875 0.0283078 0.0617625 0.0226462 0.0557446 0.0452925 0.0539196 0.0068625 0.0696807 0.0452925 0.0146105 0.0209042 0.0141539 0.227044 0.147693 0.0208241 0.00444044 0.00984619 0.0188719
141 I 3.22055 0.0203002 0.0487205 0.0194882 0.0162402 0.0324803 0.0208802 0.0166363 0.0976741 0.0224864 0.0138214 0.0147638 0.0174002 0.0194882 0.0531496 0.0236642 0.0154668 0.0350787 0.440804 0.0487205 0.0227362
142 E 3.72246 0.132042 0.0218552 0.0301809 0.211975 0.0402413 0.0672212 0.018371 0.0338027 0.118837 0.0295773 0.0352111 0.0124274 0.0118309 0.105633 0.00932059 0.0120724 0.0162513 0.0528167 0.0211267 0.0192061
143 R 3.50859 0.00654095 0.224261 0.0186884 0.0118032 0.0135916 0.0228659 0.0554625 0.00770657 0.00786882 0.0512597 0.0822291 0.00786882 0.0429834 0.012459 0.0748734 0.0401801 0.227659 0.0418621 0.012459 0.0373769
144 A 3.54221 0.207655 0.0125416 0.0137958 0.07624 0.0153287 0.028543 0.206937 0.0190287 0.0142715 0.0172448 0.0344895 0.0300392 0.0629808 0.0312358 0.00627082 0.137958 0.0402378 0.0249752 0.0147812 0.00544571
145 R 3.99374 0.0576485 0.0351295 0.0127744 0.0312263 0.0652406 0.0780656 0.103047 0.00780656 0.0260219 0.0872182 0.0140518 0.0802961 0.0374715 0.0117098 0.140751 0.0516189 0.0334567 0.0361332 0.020074 0.0702591
146 T 3.68332 0.0165602 0.0655723 0.0141752 0.107207 0.00675009 0.013154 0.0469292 0.0877512 0.0472506 0.170738 0.0270004 0.0236253 0.00540007 0.111178 0.0427506 0.0214776 0.0269177 0.155771 0.00771439 0.00207695
147 R 3.99132 0.0327591 0.0658017 0.017273 0.0304817 0.0246757 0.0773416 0.0465041 0.01502 0.0233418 0.0645555 0.0431824 0.0203211 0.036751 0.0942161 0.173221 0.105557 0.0239902 0.0265738 0.0431824 0.0352509
148 M 3.77032 0.014057 0.0519029 0.0168684 0.0355125 0.00887813 0.0513388 0.0105428 0.110977 0.0316283 0.0443907 0.169088 0.017301 0.00887813 0.0999612 0.0389272 0.0275403 0.0198452 0.0562282 0.168684 0.0174501
149 E 3.78072 0.00706915 0.0482059 0.015363 0.0327921 0.0206086 0.0230699 0.0656421 0.10237 0.0798148 0.0892059 0.164105 0.133402 0.0109404 0.0347517 0.0451289 0.0149766 0.00492316 0.0869758 0.00820526 0.0124494
150 A 3.42646 0.0929495 0.0618246 0.0193202 0.024548 0.0545511 0.0218204 0.36631 0.00772807 0.0180322 0.00545511 0.0285344 0.0463684 0.0260822 0.0716603 0.0154561 0.0480858 0.0210766 0.0437924 0.00579605 0.0206082
151 G 3.74069 0.0259718 0.0500498 0.0831597 0.245044 0.0150149 0.12043 0.0254799 0.00900897 0.00900897 0.0158052 0.0266932 0.0700697 0.0200199 0.0800797 0.0418765 0.0452624 0.0218399 0.0554398 0.0150149 0.0247305
152 L 3.89724 0.0353 0.027534 0.00938659 0.00800407 0.00983357 0.0364031 0.022945 0.0356043 0.0757185 0.172562 0.0860438 0.114725 0.0535383 0.0191208 0.075921 0.0250961 0.0299283 0.0561155 0.0172088 0.0890108
153 V 3.247 0.0129663 0.0333577 0.0171554 0.0050457 0.256105 0.00603119 0.0134026 0.106529 0.0343108 0.105244 0.191049 0.00357404 0.125574 0.00635384 0.00962802 0.00756855 0.0105752 0.0428413 0.00268053 0.0100073
154 D 3.92402 0.0436144 0.0302878 0.121439 0.0573874 0.0757195 0.0501315 0.0346146 0.0163718 0.0403837 0.0265018 0.0403837 0.0275344 0.0138459 0.044055 0.111649 0.0145965 0.017622 0.0218469 0.0302878 0.181727
155 Q 2.78155 0.00296252 0.105655 0.000969872 0.0791355 0.00413711 0.00691034 0.00348388 0.0459807 0.0013283 0.0157182 0.0431787 0.000925787 0.00393459 0.00494485 0.00315208 0.00198015 0.0806206 0.134818 0.425733 0.0344304
156 D 4.00602 0.0432396 0.020969 0.164053 0.0223034 0.0327117 0.0225598 0.0769687 0.0327117 0.0247816 0.0358271 0.0817792 0.0327117 0.0514041 0.0681493 0.0141541 0.0473458 0.106313 0.0136299 0.0327117 0.0756763
157 D 3.72361 0.0158946 0.0170036 0.18334 0.0182788 0.0365577 0.109673 0.0166171 0.00913942 0.0384818 0.010445 0.182788 0.0387733 0.0731153 0.0406196 0.0215045 0.0731153 0.0187475 0.0123228 0.0203098 0.0632729
158 L 1.1487 0.00099448 0.00170482 0.00176797 0.0014733 0.799664 0.00138912 0.00212156 0.000707186 0.00139576 0.00525103 0.00299785 0.00116023 0.00272362 0.00198896 0.00168297 0.00153534 0.00265195 0.00149597 0.0802214 0.0870723
159 D 4.0118 0.0166191 0.0517038 0.15548 0.0748814 0.0186134 0.0636355 0.054289 0.018916 0.00721449 0.023413 0.0443176 0.0944157 0.0221588 0.0484723 0.0555623 0.023151 0.0615522 0.0310223 0.0387779 0.0958041
160 E 3.10945 0.0169584 0.0277889 0.183715 0.0525568 0.0170238 0.0287849 0.00749859 0.01086 0.0237052 0.0183105 0.10498 0.0148049 0.0112479 0.387619 0.0245698 0.010623 0.00854491 0.0168718 0.0116645 0.0218709
161 E 3.85756 0.0875563 0.0472804 0.0656672 0.210805 0.070045 0.0817192 0.0274089 0.041203 0.0394003 0.00338928 0.0161642 0.0500322 0.0336216 0.0900579 0.0510328 0.012998 0.0142464 0.0221195 0.0131334 0.0221195
162 H 1.90339 0.0105041 0.0516802 0.0157912 0.00538335 0.00430668 0.0677585 0.0430951 0.00566669 0.00574224 0.00482645 0.0047852 0.709577 0.00441711 0.00506669 0.0148506 0.00903014 0.00783033 0.00891038 0.0071778 0.0136
163 Q 3.15575 0.0531017 0.0153784 0.00283286 0.0190785 0.0698565 0.00288416 0.00445164 0.251635 0.011871 0.137338 0.20546 0.0011871 0.00331987 0.00879502 0.00488951 0.00607042 0.025332 0.126872 0.0074194 0.042227
164 G 3.79392 0.0337795 0.0513558 0.0382834 0.0358907 0.014179 0.192138 0.127611 0.00416124 0.0319029 0.0150131 0.0212686 0.0638057 0.0348031 0.0283581 0.027915 0.0391535 0.0091151 0.122796 0.0957086 0.0127611
165 L 3.8133 0.00888867 0.0812102 0.0170969 0.0193358 0.157909 0.010828 0.0101513 0.0541401 0.0154686 0.0541778 0.0757961 0.0154686 0.0335153 0.042109 0.00917629 0.011706 0.10828 0.128981 0.0541401 0.0916217
166 A 4.10187 0.0941156 0.0313164 0.0469747 0.0354526 0.0289075 0.0104388 0.0469747 0.0366631 0.0896789 0.103463 0.0939493 0.0328823 0.010249 0.0528465 0.0289075 0.0697909 0.0765513 0.0493234 0.0313164 0.030198
167 P 3.22236 0.0392439 0.0194063 0.0113204 0.00776253 0.00823299 0.0271689 0.0452814 0.10054 0.00598057 0.405269 0.0452814 0.0146069 0.0452067 0.0183956 0.0106128 0.0158485 0.0264142 0.108793 0.0226407 0.0219938
168 A 3.15005 0.0304576 0.00830645 0.00507616 0.100073 0.0167513 0.006412 0.0182742 0.0326325 0.038472 0.019797 0.152285 0.00415322 0.00361354 0.0426398 0.0163162 0.386569 0.0636828 0.0136531 0.0225607 0.0182742
169 E 3.83752 0.0353026 0.0165246 0.110951 0.194927 0.0388329 0.0836915 0.0250535 0.0176513 0.0606764 0.0237752 0.0129443 0.0539346 0.0267199 0.0357671 0.0199143 0.0254642 0.0111589 0.135327 0.0485411 0.0228429
170 L 3.65416 0.0106219 0.251778 0.061182 0.0404643 0.0347625 0.0134881 0.0194228 0.0125889 0.00999705 0.170433 0.0309 0.0485571 0.073118 0.0147783 0.0364178 0.0234414 0.0164468 0.0183023 0.05665 0.05665
171 F 3.89788 0.0461644 0.110795 0.038352 0.0461644 0.166689 0.0431667 0.0237417 0.0184658 0.0369315 0.0924677 0.00449167 0.0138493 0.051136 0.0830959 0.0858354 0.0396594 0.00810692 0.0644924 0.0166192 0.00977599
172 A 3.69079 0.104123 0.00472349 0.0179167 0.17727 0.0377879 0.024451 0.0519584 0.00639488 0.0606181 0.0178607 0.0194844 0.0346389 0.00674784 0.0831334 0.139941 0.0425114 0.0267215 0.127445 0.00241667 0.0138556
173 R 2.88782 0.0259589 0.022124 0.00572622 0.116815 0.00324486 0.0143155 0.0129794 0.00405607 0.00442481 0.132498 0.422569 0.00442481 0.0140895 0.10708 0.0486929 0.0215766 0.00517796 0.0204938 0.00834392 0.0054081
174 L 3.91896 0.0100627 0.12335 0.0341414 0.047798 0.0637306 0.0233161 0.0455219 0.0218505 0.0695243 0.191667 0.0860363 0.0347622 0.0308374 0.0318653 0.022943 0.0506096 0.0136566 0.0273131 0.0136566 0.0573576
175 K 3.56901 0.0257374 0.00747214 0.020319 0.0154424 0.0216194 0.00661818 0.00747214 0.128687 0.0772932 0.184638 0.0272513 0.0257374 0.00926546 0.0916894 0.0604269 0.0157934 0.0157576 0.193852 0.0579091 0.00701928
176 A 3.80851 0.168041 0.014564 0.0293101 0.0239266 0.0418716 0.0192197 0.025123 0.00785092 0.044663 0.0391989 0.167486 0.0492607 0.021846 0.105454 0.0666344 0.0964315 0.0111658 0.0202139 0.0186096 0.0291281
177 R 3.46198 0.0468769 0.0995971 0.0080281 0.0296378 0.0290562 0.0716553 0.0342715 0.050141 0.0017985 0.0489424 0.0173456 0.0776353 0.000720296 0.0166246 0.00195043 0.083901 0.316654 0.00735751 0.0263331 0.0314738
178 M 3.76792 0.00251455 0.0443415 0.010642 0.0233706 0.123616 0.00881108 0.0625379 0.0111312 0.0425678 0.0538508 0.0247298 0.00496624 0.0971339 0.163886 0.0813746 0.00479694 0.0298988 0.0359399 0.0543183 0.119572
179 P 3.85557 0.0158569 0.0176311 0.0191004 0.0208368 0.0179768 0.0352623 0.0105382 0.162823 0.0436581 0.0705245 0.0191004 0.0352623 0.153266 0.0907269 0.0726287 0.0491901 0.0962094 0.0263454 0.0152803 0.0277824
180 D 4.00986 0.0509204 0.0855462 0.085724 0.0238408 0.150964 0.0272193 0.00814726 0.0950514 0.0251607 0.0194022 0.0855462 0.037194 0.058813 0.0164512 0.0460634 0.0264786 0.0519987 0.0183313 0.0327089 0.0544385
181 G 3.87001 0.028936 0.0462976 0.0182754 0.0082534 0.0319819 0.128267 0.00673303 0.0232596 0.0376258 0.0217749 0.0639638 0.0479729 0.017057 0.0255855 0.046054 0.0713702 0.107729 0.13341 0.00752516 0.127928
182 E 4.01478 0.0691815 0.105419 0.023614 0.147995 0.0347264 0.0498107 0.00527097 0.0220279 0.0737936 0.0184484 0.0590349 0.101466 0.023614 0.0262377 0.0368968 0.024435 0.0442762 0.0599573 0.0368968 0.0368968
183 D 3.7735 0.0567243 0.00894499 0.233401 0.0845708 0.0465139 0.0430685 0.0465139 0.00930279 0.0072678 0.0253712 0.0465139 0.0404469 0.00830606 0.0372111 0.079227 0.0258411 0.0282855 0.0096904 0.116285 0.0465139
184 L 3.71876 0.0162034 0.00777763 0.0265147 0.00948492 0.00883822 0.0525516 0.0388882 0.0388882 0.0388882 0.195047 0.0777763 0.0182288 0.0766809 0.176437 0.0972204 0.0134761 0.043906 0.0147304 0.0277773 0.0206852
185 V 3.8623 0.0462848 0.0221782 0.0506929 0.0887126 0.0266138 0.0443563 0.0332672 0.0266138 0.0443563 0.0375724 0.0665345 0.0266138 0.0129823 0.0253465 0.0336174 0.0326836 0.0344994 0.267033 0.0380197 0.0420218
186 V 3.85857 0.0557009 0.0243692 0.074982 0.0389906 0.0139252 0.116972 0.0114678 0.0216615 0.0278505 0.0659842 0.0443076 0.0134451 0.0428897 0.0149964 0.0403352 0.0121846 0.111402 0.195428 0.0487383 0.0243692
187 T 3.62175 0.0868048 0.0324326 0.0221907 0.015058 0.0200773 0.0105406 0.0936941 0.0204011 0.0206678 0.018601 0.210812 0.0383294 0.0363468 0.0168649 0.00821344 0.049026 0.21141 0.0162163 0.0527029 0.0196104
188 H 3.85276 0.0123074 0.0973893 0.0711096 0.0133331 0.0255995 0.0139128 0.160524 0.00720706 0.0213329 0.0585354 0.00727258 0.133331 0.047999 0.0971408 0.0399992 0.0385177 0.0168418 0.0228567 0.0639987 0.0507926
189 G 3.80065 0.0208606 0.128641 0.0964804 0.0428802 0.01206 0.19346 0.0289441 0.0178667 0.0148431 0.0360193 0.0321601 0.0124491 0.00327052 0.0275658 0.0964804 0.0617474 0.0302684 0.0863246 0.0241201 0.0335584
