# POSITION WT SITE_ENTROPY PI_A PI_C PI_D PI_E PI_F PI_G PI_H PI_I PI_K PI_L PI_M PI_N PI_P PI_Q PI_R PI_S PI_T PI_V PI_W PI_Y
1 M 4.13033 0.0474926 0.0464833 0.0424342 0.0501278 0.0384858 0.0463302 0.0705645 0.163656 0.0583005 0.0324683 0.029923 0.0790339 0.043417 0.0211916 0.0283957 0.046106 0.0364491 0.0215191 0.0415085 0.0561134
2 I 3.56036 0.0550072 0.00730206 0.00659956 0.00600152 0.175555 0.00436701 0.103037 0.0286555 0.204934 0.0112447 0.0223657 0.0575603 0.00419081 0.0350788 0.0160788 0.0137052 0.0339261 0.0828103 0.0258451 0.105735
3 E 3.7203 0.00567379 0.0188185 0.0241025 0.0162882 0.170179 0.0172992 0.123714 0.0186382 0.0393403 0.0280009 0.00818952 0.0796617 0.0311832 0.0600024 0.0870429 0.0395224 0.0658941 0.0055424 0.00612434 0.154782
4 Q 3.93999 0.00750123 0.0132288 0.0189753 0.0853112 0.0328985 0.0746864 0.0112528 0.0473373 0.11361 0.100058 0.0540998 0.075568 0.0804561 0.0270021 0.0225995 0.0142221 0.0201125 0.0923912 0.0983242 0.0103649
5 D 3.7118 0.0194762 0.00775793 0.0085655 0.0373105 0.0336859 0.0645892 0.0240773 0.0595998 0.149763 0.181275 0.00260295 0.0903555 0.0399798 0.0371701 0.0126408 0.129641 0.0543629 0.012655 0.0267094 0.00778255
6 G 3.6093 0.0345777 0.00501117 0.0186462 0.0225188 0.0344905 0.00314383 0.000760151 0.101781 0.155333 0.00698053 0.0507318 0.0825426 0.178135 0.00227557 0.00722356 0.0741623 0.0945751 0.0107561 0.0775182 0.0388371
7 L 3.61087 0.0259918 0.228883 0.0127961 0.15257 0.00834081 0.0922364 0.0137125 0.00695224 0.12799 0.0464794 0.0464702 0.0116176 0.0376188 0.0348527 0.0459052 0.0394401 0.0105985 0.0330416 0.0185881 0.00591439
8 H 3.5005 0.0134616 0.0283951 0.0197481 0.125268 0.00775411 0.0418583 0.0324 0.00400281 0.00915307 0.0726423 0.0674183 0.0359964 0.312065 0.0812335 0.0340469 0.0162467 0.00652835 0.0379923 0.0109571 0.0428322
9 A 3.93048 0.0503609 0.00839897 0.0153981 0.0447597 0.0210506 0.0702606 0.0213346 0.122031 0.120755 0.110026 0.0239371 0.0543906 0.121687 0.0123514 0.0401094 0.0399058 0.0140247 0.0598242 0.0302363 0.019158
10 G 3.91268 0.0183246 0.0750013 0.0456361 0.0488657 0.0180211 0.153096 0.0197039 0.0152705 0.0159543 0.0398515 0.0465388 0.0173529 0.0570985 0.0698082 0.0687862 0.0234385 0.0603719 0.165723 0.0161688 0.0249881
11 S 3.39387 0.00215454 0.0943327 0.012688 0.011835 0.0618084 0.00390136 0.0338081 0.0761216 0.00176066 0.100255 0.0544555 0.000994638 0.0379463 0.0561498 0.2019 0.00258122 0.0155827 0.016921 0.00145415 0.21335
12 P 3.84189 0.113848 0.0194302 0.0451987 0.018799 0.0284106 0.0290662 0.0163012 0.0136215 0.0311164 0.055316 0.0180795 0.0262181 0.199512 0.101647 0.0457504 0.0552827 0.114353 0.0309506 0.0184999 0.0185997
13 A 3.85527 0.0552395 0.0162668 0.130288 0.0527339 0.0157775 0.0218159 0.0387022 0.0339824 0.152459 0.135292 0.00619832 0.0138053 0.0115702 0.035946 0.0687019 0.0704313 0.0619397 0.0495621 0.0146506 0.014637
14 A 4.03632 0.0717455 0.0454609 0.0374289 0.0453927 0.0138828 0.059562 0.0421385 0.0136646 0.112619 0.00704415 0.0624727 0.0596962 0.10729 0.0190143 0.0503746 0.0891884 0.0916035 0.0350098 0.0171925 0.0192193
15 W 3.8737 0.0223785 0.072269 0.0382601 0.0270071 0.0140727 0.143475 0.01913 0.0179236 0.01913 0.118013 0.01913 0.00780818 0.0280379 0.0548635 0.0881669 0.050597 0.0218629 0.0308977 0.153412 0.0535641
16 V 3.4339 0.0914142 0.0225477 0.0100172 0.0439957 0.002929 0.0580111 0.00521457 0.00322244 0.290382 0.0208101 0.00646104 0.0344166 0.00359014 0.0415568 0.155068 0.0779611 0.0623397 0.0244526 0.0258441 0.0197651
17 E 3.9491 0.0207595 0.0212161 0.0743697 0.110161 0.0138869 0.0536704 0.0389494 0.0236882 0.0154299 0.0308671 0.00929052 0.0232263 0.100541 0.09139 0.0675521 0.137351 0.0259724 0.02805 0.0898272 0.023801
18 R 3.37778 0.0155817 0.022598 0.0546318 0.195849 0.0117336 0.0391959 0.0372867 0.0154467 0.325729 0.0314348 0.0109936 0.0385724 0.0247402 0.00763494 0.050897 0.0493663 0.0085936 0.0124519 0.0333413 0.013922
19 L 3.81528 0.0293347 0.0287146 0.0102552 0.0405246 0.0162098 0.0243803 0.0129735 0.0248491 0.028806 0.215856 0.126316 0.0327721 0.070803 0.0191246 0.0921862 0.0204025 0.0227324 0.0793429 0.0717864 0.0326302
20 F 3.83239 0.0554439 0.0732052 0.0275989 0.137044 0.0244062 0.00694998 0.0541113 0.0457827 0.143277 0.0224032 0.0354215 0.00502725 0.0591634 0.0286794 0.157803 0.0185495 0.0519144 0.0178545 0.0118001 0.0235652
21 G 4.01274 0.0519478 0.0863051 0.104906 0.0507766 0.0157732 0.148617 0.0124857 0.0231668 0.0704272 0.0314087 0.0208501 0.0508148 0.0275674 0.0226762 0.0305521 0.0973198 0.0227456 0.0611978 0.0406213 0.02984
22 Y 3.87153 0.0312311 0.115662 0.0393727 0.0249725 0.0719928 0.0190267 0.078602 0.0135444 0.0202902 0.0643091 0.0166483 0.0346285 0.0226417 0.0403497 0.0267264 0.100909 0.0318234 0.0368825 0.009989 0.200397
23 D 4.07982 0.0291331 0.0406837 0.108123 0.0714269 0.0243646 0.0312343 0.0565818 0.0819761 0.0318022 0.0350202 0.0104222 0.0589996 0.0300173 0.0465087 0.0631331 0.030309 0.134738 0.0188397 0.0284737 0.0682128
24 W 3.85873 0.0172615 0.126508 0.0475882 0.012719 0.0340688 0.0639901 0.01975 0.0191937 0.0545101 0.121891 0.0177269 0.0522537 0.0162717 0.0519144 0.058181 0.0515794 0.0267863 0.0147506 0.18224 0.0108155
25 A 3.97552 0.0793079 0.0482206 0.0792196 0.0869313 0.00565854 0.0203025 0.0633757 0.0757246 0.116745 0.0234725 0.0330082 0.00627482 0.0209506 0.0530072 0.0180592 0.0534795 0.0382024 0.129088 0.0158439 0.0331282
26 Q 3.86285 0.0112826 0.026924 0.0144931 0.0859524 0.0253876 0.0167385 0.104862 0.0374155 0.0633541 0.141087 0.0121932 0.0203136 0.0273866 0.105109 0.0702935 0.0257445 0.0204276 0.0165397 0.141872 0.0326237
27 Q 2.99356 0.00574963 0.01804 0.00684674 0.0162321 0.00596797 0.00980478 0.030815 0.406094 0.0155381 0.006163 0.0241779 0.0665438 0.0164075 0.0524115 0.0260794 0.0194501 0.0488539 0.205283 0.0114818 0.00805931
28 T 3.90112 0.161134 0.0190608 0.0245853 0.0165082 0.0201778 0.00640147 0.120616 0.0302149 0.0114948 0.0255962 0.0509877 0.0664644 0.0404664 0.0303498 0.102359 0.0441174 0.113522 0.0363698 0.0266602 0.0529145
29 I 3.88611 0.0129208 0.0376381 0.0079693 0.034396 0.044907 0.0554915 0.0150191 0.195788 0.036609 0.108676 0.0640157 0.024406 0.0322757 0.0953178 0.0116219 0.0865384 0.0270106 0.0579503 0.0300381 0.021411
30 G 3.85271 0.0553687 0.109397 0.0192635 0.0157958 0.0556934 0.202418 0.0226266 0.0209914 0.0200744 0.0211574 0.0620616 0.0195194 0.0211363 0.0373519 0.0595181 0.0982845 0.0146311 0.0953492 0.0327082 0.0166542
31 C 1.30864 0.0017846 0.00754023 0.00322643 0.0015556 0.00436361 0.00128308 0.0015927 0.00172144 0.749985 0.0169864 0.00236022 0.00138657 0.0017443 0.170887 0.0201088 0.00609301 0.00130374 0.0029547 0.00209316 0.00102986
32 S 3.92661 0.0287218 0.0492373 0.0371281 0.0173342 0.0227579 0.0708774 0.043493 0.0744834 0.0232405 0.0431732 0.0224964 0.0335298 0.0132982 0.0253357 0.0871028 0.218122 0.0483255 0.0842676 0.0294868 0.0275888
33 D 3.29706 0.0273581 0.00964342 0.0288357 0.0104866 0.00488538 0.175893 0.00945864 0.00674337 0.0259361 0.0256518 0.00415258 0.0105165 0.123327 0.0263765 0.0396693 0.191024 0.235786 0.0213305 0.010062 0.012862
34 A 3.98922 0.159983 0.019344 0.0271639 0.0873218 0.0178487 0.0376628 0.0202652 0.028217 0.0363618 0.0224355 0.0201282 0.0295533 0.0476818 0.0957528 0.079794 0.1021 0.0272467 0.0755944 0.0284979 0.0370472
35 A 3.45902 0.0379448 0.0122522 0.00625017 0.0490473 0.0643295 0.0117454 0.0369592 0.0687378 0.0139933 0.0104169 0.0125695 0.0603813 0.0149102 0.0759636 0.0264112 0.0998062 0.337536 0.0229008 0.00366089 0.0341836
36 V 3.84645 0.0443706 0.0245537 0.0695687 0.0652207 0.0370285 0.137277 0.0215903 0.0293077 0.0265768 0.0817671 0.0571457 0.00684283 0.0276491 0.039965 0.0424719 0.0146694 0.0160543 0.209326 0.0138299 0.0347844
37 F 3.80725 0.0332444 0.0506068 0.0200319 0.0360574 0.241102 0.0246968 0.0267092 0.0372205 0.0310457 0.076028 0.0237741 0.0247722 0.0295616 0.0153436 0.0173525 0.111424 0.0437059 0.0443328 0.0103021 0.102688
38 R 3.80005 0.0392391 0.0754641 0.0212131 0.0285549 0.0196248 0.0466596 0.0645751 0.0244927 0.0491868 0.128312 0.0219166 0.0208977 0.0429565 0.0252685 0.215387 0.111204 0.0262814 0.0143692 0.0177887 0.00660869
39 L 3.507 0.0214737 0.0292726 0.0196126 0.0272397 0.0309245 0.304643 0.0278451 0.0178857 0.0182241 0.196588 0.0490315 0.0230737 0.0432404 0.00776737 0.0418955 0.0466967 0.0149226 0.0229238 0.0269193 0.0298204
40 S 3.47784 0.0130489 0.00938351 0.0144701 0.0126535 0.0163334 0.0269489 0.0400863 0.0391468 0.0170822 0.0132671 0.0213044 0.0254454 0.0136163 0.0718393 0.0650912 0.104603 0.300355 0.0285028 0.152903 0.0139189
41 A 3.21764 0.0910288 0.397762 0.022717 0.0428563 0.00679388 0.0119322 0.010621 0.00599131 0.0382603 0.00366615 0.022717 0.0775704 0.0168274 0.0784104 0.0134237 0.0672277 0.0536122 0.0205649 0.00757235 0.0104446
42 Q 3.72897 0.0476586 0.00940256 0.0520665 0.163644 0.0140273 0.00876015 0.0429831 0.00690801 0.129525 0.0246042 0.0125452 0.00289805 0.0948972 0.0604763 0.0704435 0.0979485 0.115837 0.0160154 0.01727 0.012089
43 G 2.5311 0.0109057 0.0144454 0.0311591 0.0144255 0.0146134 0.037965 0.0202746 0.00609334 0.0190417 0.00962002 0.0380834 0.0739452 0.00650671 0.022612 0.0257063 0.597801 0.0360999 0.0107023 0.00551933 0.0044804
44 R 3.69031 0.0245958 0.0137169 0.0259259 0.021835 0.0216582 0.129128 0.00685844 0.0260049 0.189395 0.103198 0.0245958 0.0226437 0.033672 0.0609446 0.178796 0.0212919 0.0191652 0.0373227 0.0171461 0.0221057
45 P 3.82034 0.0249942 0.0149083 0.0454894 0.119631 0.0102608 0.0202118 0.0419379 0.0194954 0.20599 0.0241536 0.0102194 0.0676052 0.0976652 0.0671225 0.0858101 0.0362706 0.0382346 0.0134031 0.0162462 0.040351
46 V 3.31747 0.191484 0.0661467 0.0315809 0.0104595 0.00344019 0.0998204 0.0103206 0.00674806 0.0101221 0.0222475 0.0158158 0.0370507 0.0876717 0.00601854 0.0109319 0.053725 0.284484 0.0404361 0.00510358 0.0063929
47 L 3.57662 0.00385897 0.0401026 0.0139846 0.011384 0.194586 0.0136608 0.131627 0.00700552 0.0704479 0.085518 0.0623041 0.00948664 0.0518377 0.0266238 0.069587 0.00797942 0.00804302 0.0104486 0.0162628 0.165251
48 F 3.86913 0.0162416 0.032741 0.039515 0.0148823 0.229851 0.0373675 0.023709 0.0161473 0.0286484 0.0864028 0.0221794 0.0282559 0.0242978 0.0548758 0.0256234 0.0828975 0.0366324 0.0692026 0.0354413 0.0950883
49 V 3.74689 0.0537309 0.0210736 0.0210736 0.0607848 0.00917321 0.0968886 0.0233917 0.0555142 0.0227989 0.111798 0.0621518 0.0210736 0.0244274 0.0212652 0.0246358 0.0201337 0.0306835 0.26077 0.0375422 0.021089
50 K 3.89613 0.0181642 0.0190724 0.030198 0.0406878 0.0183279 0.028701 0.0202315 0.0457738 0.204127 0.0150696 0.0422232 0.0553663 0.0301007 0.0440435 0.139633 0.0722395 0.076052 0.0389564 0.0406878 0.0203439
51 T 3.99868 0.0378441 0.0657837 0.0773926 0.0225314 0.0481554 0.0189852 0.0326369 0.0318951 0.0241963 0.0327249 0.0297327 0.104638 0.0395635 0.0959863 0.0397867 0.0544235 0.175984 0.0212634 0.0304067 0.0160693
52 D 3.2178 0.304211 0.0958022 0.0172062 0.0840445 0.00956369 0.0109035 0.00352634 0.0808606 0.00417325 0.00780389 0.00470607 0.00906423 0.00491126 0.04942 0.00156782 0.123989 0.129292 0.0420486 0.00434713 0.0125584
53 L 3.84507 0.0722286 0.00726196 0.00804909 0.0503194 0.0642214 0.00756645 0.0804566 0.0118689 0.142675 0.023016 0.0186629 0.0405107 0.0118944 0.0189582 0.0995593 0.0432515 0.0278083 0.127423 0.0333951 0.110873
54 S 3.76974 0.0299226 0.0140453 0.0226617 0.189221 0.0160299 0.0384637 0.168227 0.0723909 0.0141028 0.0306339 0.0224649 0.0384347 0.0202838 0.046924 0.0675731 0.123177 0.031113 0.0204287 0.0169512 0.0169512
55 G 3.3889 0.0216027 0.0490439 0.0294263 0.0111166 0.0318123 0.0983199 0.369854 0.0126113 0.0104627 0.0749249 0.00980878 0.0159288 0.0111645 0.041337 0.0742208 0.0333217 0.0172125 0.0524069 0.00852938 0.026895
56 A 3.84568 0.100181 0.00882417 0.176849 0.092734 0.0121556 0.0147956 0.0882627 0.0288393 0.0441893 0.0151053 0.0162803 0.0144078 0.0633767 0.124251 0.0259128 0.0530093 0.0294299 0.0355582 0.0350026 0.0208349
57 L 3.7972 0.0260545 0.0430159 0.0384753 0.028045 0.0215862 0.0254772 0.0452717 0.0329788 0.0247341 0.198514 0.0989365 0.0315196 0.0851067 0.02215 0.17339 0.0327936 0.0161686 0.0226349 0.0116396 0.0215079
58 N 3.97805 0.0951967 0.00779924 0.0682434 0.059713 0.0269382 0.0322673 0.0659686 0.0211458 0.12263 0.0353057 0.0243726 0.13685 0.0251136 0.0445378 0.100065 0.0448808 0.0288139 0.0236939 0.0147998 0.0216646
59 E 3.90559 0.0428191 0.0563948 0.0737797 0.210172 0.0281373 0.0728579 0.0375966 0.0285073 0.0297663 0.0663311 0.032108 0.0190424 0.0221602 0.128007 0.0218401 0.0319187 0.0295857 0.0304064 0.017195 0.0213741
60 L 3.81491 0.0268247 0.0201913 0.0790207 0.0331594 0.0307212 0.0153132 0.0239647 0.0621511 0.0161892 0.135791 0.213256 0.0296189 0.0649923 0.0119691 0.0978953 0.0414492 0.0220164 0.0249294 0.0320303 0.0185163
61 Q 3.83709 0.0513592 0.0087643 0.0996073 0.109006 0.020407 0.0221096 0.108372 0.0249208 0.0912574 0.0173655 0.0478666 0.0191466 0.0211126 0.0779475 0.0433338 0.0140191 0.0229925 0.0224067 0.00793706 0.170068
62 D 3.12794 0.0139408 0.0295861 0.102887 0.447546 0.0177428 0.0374163 0.0653258 0.00565814 0.0201284 0.0254791 0.00603852 0.0213864 0.0163717 0.00665356 0.0258383 0.0196872 0.0179681 0.039067 0.0226189 0.0586599
63 E 3.91038 0.088721 0.0161491 0.0932677 0.153121 0.0354442 0.0777638 0.0182697 0.019376 0.0466942 0.110426 0.0190853 0.017813 0.0231451 0.112777 0.0408736 0.0466301 0.0185581 0.0208858 0.0249278 0.0160719
64 A 3.88809 0.185738 0.107131 0.0246364 0.0760239 0.0350583 0.0490522 0.0133315 0.0275991 0.0568997 0.0160143 0.0200333 0.0195061 0.0291496 0.024066 0.0352538 0.136696 0.0397089 0.0505386 0.0393078 0.0142545
65 A 3.18509 0.0966995 0.0442995 0.0298523 0.0352683 0.00754539 0.0104289 0.0209959 0.0143844 0.0310439 0.0162862 0.0482905 0.0104412 0.0372436 0.0218674 0.0185321 0.0403687 0.0096581 0.443353 0.0476943 0.0157469
66 R 3.83755 0.0157225 0.0660526 0.030886 0.0113393 0.0211012 0.0477116 0.10465 0.0121217 0.0280612 0.076555 0.00989935 0.0258244 0.106011 0.0167052 0.178619 0.117269 0.0196371 0.0442704 0.0475169 0.0200462
67 L 3.90919 0.013701 0.0246728 0.0237528 0.0519042 0.0260398 0.0445365 0.0916062 0.0208721 0.0243301 0.175607 0.0700707 0.029075 0.101557 0.0215129 0.131076 0.0486319 0.0318503 0.0238292 0.0218971 0.0234773
68 S 3.91268 0.102446 0.0123444 0.0189281 0.0432309 0.017697 0.0561349 0.0211882 0.0528334 0.0986584 0.0166198 0.0251576 0.0361861 0.018176 0.1257 0.150047 0.0947678 0.0365111 0.0280658 0.0242104 0.0210964
69 W 3.92648 0.0468525 0.0407079 0.0397757 0.0299079 0.0232617 0.105301 0.0103385 0.0248771 0.028567 0.0888571 0.045231 0.0227964 0.020525 0.0244248 0.0172587 0.0874788 0.0298643 0.0255038 0.163215 0.125255
70 L 3.95609 0.0136361 0.0498958 0.0572717 0.0701057 0.0260841 0.0279579 0.0202342 0.0129778 0.0291373 0.188639 0.108725 0.0272722 0.0777258 0.0289505 0.0671748 0.0219809 0.0313631 0.0711406 0.0298104 0.0399166
71 A 3.9248 0.161981 0.047842 0.0213434 0.104366 0.0265924 0.0752126 0.02424 0.01616 0.0299551 0.0178934 0.0421565 0.0261046 0.0436566 0.0461714 0.0513717 0.154959 0.0278021 0.0396377 0.0134666 0.029088
72 T 3.79693 0.0408725 0.0319316 0.0201302 0.00982855 0.0239213 0.0488755 0.0244147 0.0223572 0.0813692 0.0326452 0.0201611 0.0691865 0.113795 0.0187698 0.0241933 0.118943 0.219132 0.0124412 0.0459815 0.0210518
73 T 3.72401 0.102666 0.0319395 0.0107007 0.0311509 0.0201564 0.0105337 0.0306641 0.0534786 0.0161125 0.0145205 0.0509741 0.0400511 0.0343933 0.043132 0.0179539 0.0462042 0.281211 0.0582281 0.023804 0.082125
74 G 3.50853 0.118306 0.176652 0.0193037 0.0129984 0.0116986 0.259368 0.0431115 0.0105272 0.0143705 0.0198976 0.0482264 0.0139821 0.0226722 0.0167656 0.030733 0.0269702 0.0491271 0.0842854 0.0136142 0.00739054
75 V 3.84411 0.098085 0.0341316 0.0305794 0.0156239 0.0133295 0.0160099 0.0228865 0.1124 0.0148529 0.12017 0.0627839 0.0288806 0.0132165 0.0876044 0.0223936 0.0184114 0.0324906 0.173635 0.0577611 0.0247548
76 P 3.64974 0.0114603 0.00849458 0.0184462 0.0148702 0.0131738 0.0278969 0.0377432 0.0175922 0.0262839 0.103804 0.0431808 0.00308434 0.173139 0.150673 0.117293 0.103482 0.0873938 0.0117599 0.0112996 0.0189286
77 C 3.79473 0.0336223 0.27763 0.0355654 0.0178081 0.0425569 0.0798071 0.0270606 0.0226032 0.0227804 0.031205 0.0325435 0.0120269 0.0451624 0.0230516 0.0444207 0.0592756 0.0750404 0.0665936 0.0162717 0.0349749
78 A 3.63456 0.262735 0.0141517 0.0133575 0.0571213 0.0238006 0.0283034 0.0308007 0.010686 0.0221245 0.0242759 0.013256 0.0179524 0.0172891 0.0571761 0.163329 0.0899213 0.0453219 0.0484011 0.0436344 0.0163629
79 A 3.2694 0.037176 0.0133878 0.0116669 0.0362812 0.00422594 0.0400216 0.0243154 0.226051 0.264232 0.00344959 0.00398446 0.0575178 0.0138973 0.0404093 0.136224 0.0395453 0.033237 0.00616262 0.00489319 0.00332038
80 V 3.57568 0.0538257 0.0391804 0.0141491 0.0104097 0.0115663 0.0537274 0.0158523 0.186279 0.0122467 0.099933 0.0191003 0.0164673 0.00555183 0.0156705 0.102588 0.0175637 0.011625 0.208807 0.0809642 0.0244934
81 L 3.98189 0.0289418 0.0411348 0.0170213 0.124157 0.0123404 0.0459041 0.0178724 0.120551 0.0291372 0.123675 0.0956385 0.0184918 0.0602261 0.0348752 0.0643167 0.0251648 0.0421595 0.0532883 0.0185952 0.0265091
82 D 3.82783 0.0288406 0.0410177 0.246855 0.0524489 0.0246106 0.045435 0.0624449 0.0238168 0.0269923 0.0187708 0.0317557 0.0336777 0.0322763 0.0190945 0.0260775 0.0319158 0.0529014 0.0325313 0.0256361 0.142901
83 V 2.57814 0.0387031 0.00878584 0.00633186 0.0214617 0.59498 0.0380778 0.0195106 0.01274 0.0127994 0.0276632 0.0373247 0.00957042 0.0045677 0.00871167 0.0455062 0.0287022 0.0123995 0.0465727 0.0111974 0.0143938
84 V 3.78862 0.152866 0.0696737 0.0145587 0.0209087 0.0181209 0.0355879 0.0239686 0.0457436 0.0194772 0.0644401 0.0163785 0.018441 0.0137442 0.189438 0.0225471 0.0477255 0.0461367 0.131296 0.0271093 0.021838
85 T 3.97817 0.0823846 0.0747507 0.0253351 0.0179772 0.0390249 0.0261557 0.0441513 0.0650651 0.0350555 0.0370553 0.0196311 0.0721731 0.0195195 0.0477144 0.0221217 0.0599951 0.205057 0.0492748 0.0183126 0.0392456
86 E 4.03984 0.0715703 0.0515876 0.0916853 0.148621 0.0494382 0.045727 0.0202247 0.0291169 0.0380293 0.0577043 0.023265 0.0177231 0.0288924 0.123595 0.0288389 0.0271307 0.0348217 0.0230391 0.0593258 0.0296629
87 A 3.86778 0.117771 0.0097851 0.018192 0.109593 0.0149445 0.0792974 0.0443591 0.0190413 0.0635033 0.0140456 0.179585 0.0291816 0.0473704 0.0290527 0.0306316 0.0885668 0.018489 0.0370291 0.016012 0.0335489
88 G 3.92002 0.0492017 0.0732158 0.0581172 0.0234869 0.0114131 0.194533 0.0271631 0.0160728 0.0339538 0.0240319 0.0190218 0.0430321 0.0228261 0.0463966 0.124174 0.0881918 0.0341743 0.0557972 0.0339538 0.0212433
89 R 3.97873 0.0205237 0.0764762 0.0218595 0.0228918 0.0199526 0.0653774 0.0710959 0.0284174 0.0229893 0.0981691 0.0852521 0.0120559 0.0401903 0.0373367 0.170957 0.0815048 0.0241376 0.0250931 0.0341008 0.0416191
90 D 4.01635 0.0642957 0.0373876 0.201413 0.0351961 0.0278065 0.0585961 0.0244908 0.0322492 0.01385 0.0298099 0.0376546 0.0868431 0.0301757 0.0486848 0.0354397 0.0230761 0.0642639 0.0329712 0.0581335 0.0576625
91 W 3.8847 0.0198686 0.0565734 0.0175782 0.0239873 0.035193 0.145877 0.0313451 0.0256697 0.0360223 0.0872796 0.02318 0.0203805 0.0255103 0.0575077 0.066308 0.045615 0.0266378 0.021036 0.201557 0.0328735
92 L 3.89101 0.0248597 0.0440734 0.0128818 0.0421189 0.0348443 0.0486756 0.0202956 0.0595935 0.036056 0.236857 0.100192 0.0391282 0.0772084 0.0556816 0.0310118 0.033225 0.0236167 0.0188933 0.0442813 0.0165063
93 L 3.93867 0.0193812 0.0627121 0.0506764 0.0371077 0.0575927 0.0387991 0.00633455 0.025229 0.030485 0.209662 0.0614824 0.0245171 0.0961719 0.0159438 0.0754335 0.0300891 0.0318105 0.0597258 0.0411746 0.0256716
94 L 3.77104 0.0284816 0.0189382 0.0620753 0.0297962 0.0128221 0.0194323 0.0124151 0.00868616 0.02263 0.224101 0.10901 0.036379 0.100892 0.0398265 0.075101 0.0135296 0.0936731 0.0222729 0.047403 0.0225349
95 G 3.67259 0.0241152 0.0950657 0.0327719 0.0222667 0.0135249 0.183102 0.0210677 0.0179921 0.16274 0.0380589 0.0109992 0.0182587 0.0123949 0.026558 0.137417 0.0599112 0.0149253 0.0834809 0.00682567 0.0185233
96 E 3.6042 0.0325761 0.0243924 0.020106 0.18564 0.0198188 0.0597316 0.0235138 0.0184975 0.0575576 0.0274455 0.154146 0.00770731 0.0166992 0.218607 0.0216804 0.019411 0.0203152 0.0217916 0.026425 0.023938
97 V 3.66199 0.0309856 0.0280626 0.0399752 0.0437567 0.0234637 0.0538267 0.0194725 0.0083799 0.042263 0.0912424 0.00899442 0.013004 0.0212117 0.0196242 0.149907 0.034187 0.0417698 0.270825 0.0362462 0.0228028
98 P 3.75301 0.0160542 0.0222288 0.0187384 0.0220845 0.0269922 0.0413748 0.0188945 0.0215937 0.0188945 0.0531274 0.0202894 0.0292732 0.189426 0.192319 0.0926001 0.0404255 0.0987948 0.0199251 0.0318998 0.0250641
99 G 3.79039 0.0567221 0.0959002 0.0427335 0.0182165 0.0265233 0.237508 0.0104477 0.0174749 0.0234858 0.0152549 0.0484394 0.0207935 0.0369344 0.0151158 0.0586356 0.121463 0.0415036 0.0592037 0.0373918 0.016252
100 Q 3.87036 0.0188141 0.0430692 0.0132273 0.0600625 0.0321061 0.0186339 0.0764432 0.0149965 0.0902985 0.092216 0.0209778 0.0214341 0.0963313 0.19674 0.0677796 0.0355197 0.0511533 0.0210219 0.0107805 0.0183941
101 D 3.98683 0.0904259 0.0248802 0.160641 0.0946804 0.0206746 0.0349705 0.0273561 0.0143795 0.0316935 0.0241521 0.0347483 0.0504423 0.0200286 0.101608 0.0134128 0.0646143 0.0220094 0.069542 0.0534095 0.0463311
102 L 3.80823 0.0475981 0.00866919 0.0568246 0.0139441 0.0130899 0.0447373 0.0144804 0.0209827 0.0453408 0.220453 0.07698 0.0295287 0.101046 0.0397861 0.119146 0.0194353 0.0347305 0.0493819 0.0320278 0.0118181
103 L 3.79781 0.0190738 0.0367964 0.0341485 0.0349299 0.0870337 0.0272335 0.0194055 0.0223163 0.0428474 0.268637 0.108148 0.0220106 0.0466544 0.0205997 0.0509252 0.0401694 0.0338982 0.0343084 0.0173894 0.0334745
104 S 3.86308 0.0240378 0.0333678 0.0118899 0.0328116 0.019301 0.0677338 0.0228035 0.042856 0.0173072 0.0358 0.0897864 0.0416656 0.0183889 0.0746802 0.0665966 0.188131 0.146516 0.0301527 0.0117184 0.0244559
105 S 3.89281 0.0488048 0.0309644 0.0308348 0.0186854 0.0378453 0.102865 0.0267894 0.0246308 0.0238793 0.0825051 0.013005 0.0299655 0.0218572 0.0317196 0.104225 0.217273 0.0368937 0.0352609 0.0299761 0.0520201
106 H 3.9409 0.0199657 0.0349527 0.0934838 0.090071 0.0211435 0.0475073 0.0955802 0.011924 0.022894 0.0134201 0.0183445 0.105704 0.0956204 0.065268 0.0533908 0.128412 0.02532 0.016369 0.0138249 0.0268043
107 L 3.74053 0.0267395 0.0269376 0.0203445 0.0218868 0.0145463 0.025204 0.0184715 0.0292878 0.0175257 0.243092 0.127599 0.0114358 0.12181 0.0471408 0.0376962 0.0262095 0.0226401 0.0561633 0.0606096 0.0446597
108 A 3.65017 0.144376 0.034783 0.0209601 0.0504719 0.0253002 0.12639 0.0150105 0.033156 0.0139904 0.0138475 0.0182406 0.0160112 0.210292 0.00663623 0.0084473 0.113512 0.0403919 0.0714501 0.0178343 0.0188985
109 P 3.87521 0.0375907 0.016828 0.0645075 0.0345576 0.0186798 0.0348689 0.0131947 0.0194821 0.013152 0.0939272 0.0150309 0.016828 0.193928 0.0925542 0.0339513 0.0330038 0.0953171 0.0884484 0.0580568 0.0260929
110 A 3.80282 0.182528 0.0345357 0.0460558 0.187847 0.0223011 0.0082183 0.0272965 0.0335957 0.0260813 0.0356342 0.0287331 0.0386011 0.0233303 0.0632962 0.0201556 0.109922 0.0298628 0.0422446 0.0272965 0.0124642
111 E 3.82325 0.0197019 0.0219193 0.0520233 0.221761 0.0173411 0.07127 0.0176375 0.0564028 0.00839616 0.122634 0.0128173 0.0214957 0.0221099 0.0726468 0.0437592 0.0217474 0.0517889 0.0755421 0.0434949 0.0255114
112 K 3.86083 0.0373932 0.0140543 0.0341967 0.117789 0.0214161 0.0269231 0.0336539 0.0475349 0.236303 0.0337635 0.0261753 0.100962 0.0243701 0.0362427 0.0222243 0.0320385 0.0482284 0.0411326 0.04097 0.0246285
113 V 3.7755 0.0951251 0.0214764 0.0211993 0.0224841 0.0361587 0.0446244 0.0236801 0.0401068 0.029679 0.0434352 0.0123663 0.0267379 0.0321047 0.0214517 0.0483728 0.0343773 0.144541 0.248078 0.0290971 0.0249043
114 S 2.87998 0.232466 0.421349 0.0112708 0.0098885 0.0087594 0.0422185 0.00865423 0.0194862 0.0152891 0.042794 0.0116792 0.0190163 0.0114409 0.0104785 0.036007 0.0509287 0.00823261 0.021503 0.00566264 0.0128751
115 I 3.86558 0.0195144 0.0186524 0.0517238 0.0552909 0.0335097 0.0226835 0.0159603 0.221727 0.0860637 0.0393032 0.0134039 0.0447926 0.0259582 0.0190933 0.0430041 0.0538928 0.080261 0.109529 0.0245737 0.0210632
116 M 3.66243 0.0268835 0.018125 0.0235821 0.0121841 0.0174578 0.017201 0.019238 0.112542 0.0501287 0.0176566 0.219919 0.0232899 0.0142284 0.0365522 0.143966 0.016126 0.123806 0.0677496 0.0168702 0.0224937
117 A 3.75809 0.212542 0.0362436 0.0227834 0.163455 0.0166652 0.0221373 0.0347354 0.0227448 0.0237458 0.0147625 0.0331071 0.0253666 0.00956429 0.0796835 0.0638135 0.100932 0.0305891 0.041262 0.0139705 0.0318968
118 D 3.8725 0.048738 0.0616678 0.211448 0.0634633 0.0120664 0.0268676 0.0850897 0.0230902 0.0154169 0.0213954 0.0137412 0.0526746 0.0223931 0.0311467 0.0182284 0.0322244 0.0262315 0.0625335 0.0526746 0.118909
119 A 3.89085 0.24498 0.0386839 0.0198097 0.0980719 0.0332085 0.059637 0.0382669 0.0422006 0.0407199 0.0214605 0.0344922 0.0137002 0.0420335 0.0194345 0.0256279 0.0712017 0.0520806 0.0380758 0.0418833 0.0244319
120 M 3.52739 0.0117133 0.02643 0.0305893 0.0268896 0.0243763 0.0318528 0.0295272 0.074709 0.0250534 0.338311 0.129173 0.0212773 0.0182822 0.0223864 0.0273682 0.0173265 0.0679926 0.0279356 0.0301868 0.0186194
121 R 3.99099 0.0397355 0.0146394 0.047578 0.0396483 0.0268802 0.0613402 0.0284719 0.0308327 0.0375925 0.0812354 0.0317187 0.0178418 0.0554784 0.0521092 0.190879 0.0916622 0.0814754 0.0239465 0.0177034 0.0292309
122 R 3.28492 0.0272954 0.0116937 0.0414754 0.0165383 0.025058 0.0255635 0.028006 0.0181873 0.0751741 0.425771 0.0206729 0.018087 0.00703067 0.0198573 0.0751235 0.0454462 0.0255494 0.0229456 0.0507425 0.0197827
123 L 3.91241 0.0211686 0.0270571 0.0363657 0.0333293 0.0221512 0.0202307 0.0341877 0.0137618 0.0228544 0.192585 0.0734029 0.0767908 0.061644 0.0319961 0.124955 0.0219935 0.0396006 0.0913918 0.0287452 0.0257879
124 H 4.02452 0.0513167 0.0198451 0.118345 0.0177153 0.0187138 0.0211366 0.12133 0.0205066 0.028102 0.019423 0.0332901 0.0622087 0.100758 0.0679088 0.0733081 0.0314818 0.0909839 0.0319768 0.033015 0.0386345
125 T 3.92821 0.0730175 0.0166147 0.0220075 0.0223837 0.00671511 0.0492605 0.0283294 0.0269804 0.0355506 0.014319 0.15109 0.10385 0.0739099 0.0629542 0.0649192 0.0873434 0.100894 0.00986499 0.0353063 0.0146893
126 L 3.71016 0.0225757 0.0364232 0.0192247 0.0250696 0.0211235 0.0246898 0.0146239 0.0133411 0.0407381 0.190604 0.109314 0.0176848 0.0882428 0.0255373 0.0307752 0.0130702 0.022366 0.0735725 0.190111 0.0209122
127 D 3.36198 0.0206492 0.0137661 0.132185 0.0563432 0.0104152 0.0394936 0.0172077 0.0112012 0.0172077 0.0270616 0.0101481 0.0507406 0.041326 0.0292412 0.0198734 0.378643 0.0211081 0.0154199 0.0405924 0.0473765
128 P 3.8749 0.0181832 0.0418299 0.0201618 0.0195069 0.0188566 0.0431784 0.0157139 0.147197 0.0530343 0.0357284 0.0298318 0.0367704 0.212719 0.0575801 0.0475357 0.0463611 0.0621496 0.0123876 0.0503376 0.0309367
129 A 3.88532 0.154776 0.017819 0.0194661 0.0733548 0.0376661 0.0205908 0.0274318 0.0162559 0.0207888 0.042443 0.0451994 0.0271886 0.0351504 0.0365019 0.0903392 0.179302 0.0304183 0.0591438 0.00857951 0.0575845
130 T 3.9624 0.0458035 0.00765944 0.0284494 0.0248932 0.0284494 0.0299186 0.0663818 0.0299467 0.0775741 0.0678702 0.0838507 0.0671963 0.0172728 0.0592054 0.0306792 0.0580581 0.199641 0.028035 0.0217815 0.0273337
131 C 3.94358 0.0264457 0.252496 0.0361275 0.0211764 0.0576326 0.0494535 0.0380572 0.0175649 0.0286095 0.0403642 0.049258 0.0237168 0.0365153 0.0432718 0.0509769 0.0533049 0.043639 0.0372983 0.0503527 0.0437385
132 P 3.82916 0.0957009 0.0199947 0.0239067 0.0296217 0.0201781 0.0176748 0.0389506 0.0178524 0.022689 0.0715087 0.0266595 0.0309128 0.200523 0.134579 0.0495899 0.0300553 0.104282 0.0160877 0.0230708 0.0261612
133 F 3.79051 0.0257839 0.0272681 0.0188618 0.0246616 0.28021 0.056773 0.0274018 0.0227739 0.017139 0.0644352 0.0286665 0.043966 0.0499103 0.0558996 0.0245855 0.0558996 0.030216 0.093166 0.0330116 0.0193711
134 D 3.73233 0.0191472 0.0436503 0.189673 0.0260899 0.0186816 0.0494052 0.050587 0.0230941 0.0239432 0.0197316 0.0540433 0.0673988 0.0168135 0.212982 0.0245464 0.0205931 0.0151788 0.0133982 0.0278164 0.0832267
135 H 3.84245 0.0264371 0.043652 0.0396128 0.0230783 0.0263136 0.0206762 0.235306 0.0196617 0.0222281 0.0366185 0.0268148 0.0947542 0.0484248 0.0341549 0.0446913 0.0137396 0.0428764 0.0171084 0.117315 0.0665367
136 Q 3.87647 0.0151161 0.026156 0.00814364 0.069716 0.0174718 0.019219 0.083045 0.0183038 0.0755032 0.0139338 0.0210044 0.041297 0.0456044 0.192785 0.105779 0.0732152 0.0844245 0.0279088 0.0320317 0.029342
137 A 2.86465 0.018151 0.00445561 0.00200732 0.00792185 0.0559394 0.00273007 0.00229186 0.411049 0.0175104 0.0477582 0.0888238 0.00312347 0.00305312 0.00993316 0.113019 0.0127814 0.00261545 0.0548496 0.00296847 0.139018
138 K 3.82809 0.0347157 0.0581858 0.0242441 0.0330601 0.0319001 0.018183 0.0222934 0.0519516 0.243104 0.021347 0.0124329 0.0319312 0.0282666 0.0429322 0.13141 0.0366671 0.043515 0.0424271 0.0168362 0.0745971
139 H 3.95502 0.0735182 0.00843589 0.0584932 0.0192641 0.0763619 0.0166082 0.152321 0.0166082 0.055741 0.0452375 0.0134974 0.123571 0.0788272 0.0793226 0.0401657 0.0293199 0.033831 0.0279716 0.0144615 0.0364431
140 R 3.6761 0.0214686 0.0361898 0.0194868 0.0375302 0.0477286 0.0697294 0.0487171 0.0227711 0.0188285 0.0723054 0.0220286 0.0189405 0.0276951 0.0100328 0.253992 0.176563 0.0231502 0.0229142 0.0222929 0.0276359
141 I 2.98167 0.0182381 0.04179 0.0146627 0.00846248 0.0337599 0.017017 0.0171662 0.106048 0.00764682 0.0148494 0.0134753 0.016274 0.0180941 0.0705207 0.018746 0.0139553 0.040902 0.482491 0.0352604 0.0106407
142 E 3.78849 0.0431736 0.0324817 0.025545 0.251949 0.029552 0.0787319 0.0242113 0.089059 0.125596 0.0289392 0.0259854 0.0170713 0.0255678 0.0358846 0.0230875 0.0372737 0.0155057 0.0395818 0.0301431 0.0206608
143 R 3.53629 0.00857605 0.212793 0.0132848 0.00918016 0.0108846 0.0149404 0.0569645 0.00954528 0.00416986 0.0414249 0.104021 0.0131068 0.0489252 0.0102799 0.0741343 0.0400651 0.213454 0.0471876 0.0448576 0.0222045
144 A 3.82534 0.230505 0.0223628 0.0275808 0.0924967 0.0306454 0.0321282 0.0604843 0.031074 0.0348865 0.0156709 0.0237766 0.0399336 0.0478191 0.0295325 0.0152691 0.140969 0.0380627 0.0428516 0.02873 0.0152212
145 R 3.98725 0.0360231 0.0445 0.0209085 0.0141814 0.0843928 0.051285 0.115406 0.0262273 0.0250352 0.0777037 0.017297 0.0906035 0.0206576 0.0199328 0.136142 0.0498115 0.024916 0.0277553 0.0231328 0.0940883
146 T 3.5128 0.0187216 0.0467035 0.00664031 0.0978147 0.0064989 0.00730546 0.0337164 0.226121 0.0478587 0.148569 0.0171704 0.0185786 0.00587975 0.0932485 0.0411792 0.020265 0.0273993 0.129202 0.00381564 0.0033123
147 R 3.75093 0.0302541 0.0528475 0.0228586 0.00801537 0.0238525 0.0808963 0.0388437 0.0118689 0.019287 0.0656105 0.0205728 0.0163276 0.0425344 0.110776 0.206327 0.157373 0.0197415 0.0229863 0.0216555 0.0273715
148 M 3.81474 0.0156136 0.0507442 0.0166135 0.0247981 0.0243212 0.0204761 0.0294117 0.149374 0.0526959 0.0690803 0.21129 0.0127748 0.0125466 0.039034 0.019581 0.023163 0.0557557 0.0746871 0.0702612 0.0277777
149 E 3.82521 0.00774589 0.0448929 0.0218929 0.0354772 0.0213601 0.0278603 0.0733194 0.122285 0.0701165 0.0812931 0.120707 0.170021 0.00788934 0.0418606 0.032628 0.0157617 0.00382565 0.0584369 0.011834 0.0307926
150 A 3.58862 0.106401 0.106141 0.012737 0.0349568 0.0538628 0.0184781 0.306363 0.0130109 0.0236967 0.00935347 0.0241231 0.0256204 0.0249538 0.0633951 0.0233632 0.0370211 0.0361738 0.0505908 0.0110894 0.0186681
151 G 3.74981 0.0313056 0.0527856 0.051894 0.192788 0.0167626 0.128316 0.0224243 0.011868 0.0141544 0.0104701 0.0153606 0.125575 0.0221547 0.0960039 0.0677674 0.0269664 0.0296509 0.0622728 0.00650874 0.0149714
152 L 3.89001 0.047143 0.0336337 0.0198539 0.0239941 0.0129814 0.0275785 0.020863 0.0099221 0.0736141 0.195247 0.134587 0.063788 0.0471243 0.0221834 0.0803087 0.021763 0.033963 0.0407987 0.0270446 0.0636089
153 V 2.98719 0.012 0.0211999 0.00451128 0.00807018 0.29854 0.00845071 0.00789474 0.0922184 0.00200501 0.114663 0.232047 0.00378191 0.10735 0.00882206 0.00628845 0.00451479 0.0103556 0.0420537 0.00816969 0.00706282
154 D 3.93715 0.0363647 0.025348 0.166314 0.0767662 0.0921744 0.0591111 0.0377077 0.0114783 0.0414785 0.0393404 0.0122899 0.0368698 0.0235915 0.0139717 0.131525 0.0195871 0.0225996 0.0525195 0.0276523 0.0733108
155 Q 2.90176 0.00181108 0.0856925 0.000909209 0.142216 0.00384811 0.007339 0.00262217 0.0655062 0.00276086 0.0174082 0.0519737 0.00134764 0.0029578 0.00481631 0.00271523 0.00364599 0.0693404 0.103284 0.38544 0.0443658
156 D 3.86427 0.0697161 0.0206021 0.200053 0.0297449 0.0132977 0.0245718 0.0525864 0.0155428 0.0199466 0.0342694 0.0173448 0.101546 0.0349712 0.113333 0.0310074 0.03596 0.0358015 0.017704 0.0316612 0.100341
157 D 3.75079 0.0249583 0.0405957 0.260042 0.0276575 0.0216074 0.0982328 0.0312396 0.00785724 0.0223525 0.0258427 0.029633 0.0596594 0.048342 0.0348299 0.0134537 0.0504931 0.0283597 0.0452499 0.0124958 0.117098
158 L 1.1731 0.000829015 0.00113092 0.00341969 0.000989909 0.784177 0.000844367 0.00228749 0.000620053 0.00109002 0.00507908 0.00412374 0.00107457 0.00172087 0.00186183 0.00201623 0.00146049 0.00224048 0.00130191 0.12434 0.0593928
159 D 3.9778 0.0254764 0.0146717 0.164686 0.0983129 0.0165983 0.0348564 0.0471992 0.0215185 0.0176803 0.0303055 0.021703 0.0745383 0.0194593 0.0416593 0.0704827 0.0178966 0.0802053 0.0489206 0.0657292 0.0881009
160 E 2.86809 0.0233479 0.0396231 0.248267 0.0489578 0.0157312 0.0332586 0.00740377 0.00691653 0.0183411 0.0152202 0.0115082 0.0173159 0.0104341 0.414859 0.0366823 0.0108818 0.00782556 0.0129849 0.00873388 0.0117071
161 E 3.937 0.10649 0.038204 0.0635313 0.203883 0.0387238 0.069281 0.038 0.0228794 0.0762375 0.0344462 0.024075 0.0118812 0.039251 0.070847 0.049195 0.0188156 0.0211972 0.028462 0.0222359 0.022363
162 H 2.08016 0.0142417 0.0175749 0.0123622 0.00368758 0.0108508 0.0832868 0.0590495 0.00667939 0.0106629 0.00548849 0.00907712 0.677538 0.00651313 0.00771556 0.0219277 0.00928545 0.0115985 0.00964074 0.00842876 0.0143906
163 Q 3.13845 0.0452998 0.0118165 0.00422127 0.0194434 0.0646632 0.00233547 0.00741229 0.243888 0.0101594 0.138073 0.210771 0.00245601 0.00278759 0.00808462 0.00475942 0.00652102 0.020113 0.148662 0.0110592 0.0374744
164 G 3.75091 0.0360713 0.0829478 0.0504524 0.0230411 0.0325285 0.261223 0.0678857 0.00388401 0.0197143 0.0160759 0.0265539 0.0371755 0.0321366 0.0262857 0.0419552 0.0655776 0.0150235 0.112425 0.0300264 0.0190167
165 L 3.82859 0.0107606 0.0570858 0.00882235 0.0148919 0.130173 0.00758483 0.0149733 0.073396 0.0123429 0.0571294 0.100998 0.0327121 0.0302976 0.0318791 0.01226 0.0085258 0.0920189 0.11862 0.114172 0.0713572
166 A 4.01512 0.104965 0.0196085 0.0450469 0.0426894 0.014969 0.0191011 0.024279 0.0416124 0.10747 0.116999 0.0190514 0.024886 0.0157382 0.0482334 0.0428658 0.0757553 0.0808326 0.0572585 0.0857315 0.012908
167 P 3.13927 0.0370652 0.0272157 0.00565785 0.0102134 0.016082 0.0351144 0.0112319 0.123513 0.00879906 0.401409 0.0550032 0.00435302 0.0504607 0.025569 0.0128066 0.0120126 0.0306944 0.111993 0.00361025 0.0171952
168 A 3.62348 0.0426114 0.00495487 0.00639178 0.0349055 0.023095 0.0147262 0.035675 0.0454526 0.0421857 0.0335371 0.156243 0.00834665 0.0113893 0.046873 0.032365 0.274939 0.0804626 0.0270421 0.042279 0.0365244
169 E 3.86499 0.0323504 0.0259447 0.102732 0.201366 0.0322348 0.0750911 0.0204964 0.031798 0.0738951 0.0188383 0.0263046 0.0450264 0.0203479 0.0696104 0.0268808 0.0148689 0.0218488 0.112822 0.0401145 0.0074286
170 L 3.64705 0.015218 0.205878 0.0320717 0.0280574 0.0254621 0.0220814 0.0161226 0.0204844 0.0272322 0.232149 0.06839 0.0406094 0.0876795 0.0181548 0.0517581 0.0192227 0.0204844 0.0251778 0.0165338 0.0272322
171 F 3.90201 0.0289811 0.0294269 0.0557358 0.0147135 0.191843 0.053132 0.0457397 0.0230239 0.0262534 0.120565 0.0175766 0.0208664 0.0391412 0.0438704 0.100118 0.0462423 0.0160692 0.0554225 0.0652074 0.00607222
172 A 3.69537 0.114307 0.00248008 0.0405875 0.126351 0.0325953 0.017163 0.0399293 0.00462021 0.0935486 0.0156865 0.0132271 0.0217302 0.00965323 0.0958303 0.173842 0.0419742 0.0319434 0.102675 0.00449591 0.0173606
173 R 2.66179 0.0263764 0.00671755 0.00144909 0.178427 0.00178117 0.00785168 0.0133986 0.00182684 0.00418666 0.119953 0.447705 0.00256488 0.00794675 0.0764489 0.0427564 0.0213332 0.00561338 0.0195971 0.00575454 0.00831212
174 L 3.71682 0.0147276 0.126428 0.0276952 0.0284865 0.0414405 0.0283437 0.0186943 0.0203029 0.0262683 0.267745 0.0772224 0.0185092 0.085841 0.0259282 0.0452842 0.0537481 0.0189527 0.0269902 0.0364174 0.0109751
175 K 3.52553 0.00634436 0.0191425 0.0146007 0.0149219 0.0158867 0.0153998 0.0144592 0.11902 0.0889077 0.229122 0.0141736 0.0313486 0.0145188 0.0921855 0.0473227 0.0110008 0.0185799 0.180473 0.0370088 0.0155826
176 A 3.8704 0.201369 0.0112577 0.0525807 0.0192512 0.0516247 0.0441931 0.0240915 0.0171886 0.0236192 0.0498568 0.0125477 0.0495711 0.0257616 0.105857 0.0810028 0.117966 0.0359933 0.0306041 0.0200763 0.0255874
177 R 3.60448 0.0538331 0.0995238 0.010494 0.0329589 0.0405581 0.0625991 0.0289035 0.0487866 0.00164173 0.054723 0.0281006 0.0848946 0.000489914 0.0115529 0.00208261 0.0960548 0.263986 0.00741468 0.0320731 0.0393288
178 M 3.80742 0.00366343 0.0471768 0.00681353 0.0268848 0.125927 0.00922236 0.080422 0.0118723 0.046236 0.0547716 0.0241181 0.00496942 0.111591 0.0884527 0.0978992 0.00404676 0.0272541 0.0383369 0.0596697 0.130673
179 P 3.82976 0.014182 0.0209582 0.0334973 0.0149945 0.0208127 0.0231118 0.0126903 0.140792 0.0337376 0.0830519 0.0236452 0.00975833 0.154109 0.10016 0.0907348 0.0428701 0.105056 0.0363158 0.0153694 0.0241519
180 D 4.00808 0.0770239 0.0139252 0.0959258 0.0242859 0.144926 0.0285599 0.0353619 0.10199 0.00957359 0.0169512 0.0478679 0.0284216 0.0349092 0.0129811 0.0585373 0.0470657 0.0592264 0.027713 0.0615445 0.0732098
181 G 3.75448 0.0274537 0.0725065 0.0109806 0.0164662 0.0245964 0.1409 0.0180709 0.0133858 0.0180524 0.0329688 0.0140551 0.0234252 0.0139775 0.0174327 0.0604347 0.0900224 0.0966289 0.165698 0.0147949 0.12815
182 E 3.92969 0.103477 0.0254317 0.0266428 0.187054 0.0250522 0.0576759 0.0246838 0.019293 0.049264 0.0212384 0.0155416 0.110324 0.025937 0.0336953 0.066787 0.0208134 0.0623683 0.0442215 0.0652748 0.0152244
183 D 3.49689 0.0191051 0.0303564 0.241217 0.0250335 0.0232569 0.0440957 0.0304886 0.0181839 0.0152317 0.0181248 0.0150201 0.00781534 0.0351239 0.0240322 0.0922447 0.0231503 0.0181147 0.0126788 0.240322 0.0664047
184 L 3.70551 0.0156923 0.0237786 0.0109199 0.017275 0.0126746 0.0215769 0.0302637 0.0311538 0.0328531 0.212488 0.0983571 0.021868 0.0768315 0.160593 0.103669 0.0300379 0.0181582 0.0117285 0.0411923 0.0288881
185 V 3.52102 0.0628717 0.0208473 0.0239656 0.0274222 0.0297074 0.0504465 0.017199 0.0351639 0.0167104 0.0902503 0.0381952 0.0130423 0.0283192 0.0185189 0.06502 0.0357681 0.0377637 0.357717 0.00774976 0.0233217
186 V 3.69875 0.129362 0.0225021 0.0339576 0.0200363 0.0108271 0.0641196 0.0069173 0.0269214 0.0209458 0.073705 0.0375883 0.0133405 0.0394792 0.082031 0.0366659 0.00869603 0.0774737 0.249654 0.0311278 0.0146484
187 T 3.6096 0.0641899 0.0182877 0.00904084 0.0127741 0.0143514 0.012838 0.0611333 0.0386105 0.0150569 0.0170648 0.213966 0.094397 0.0194515 0.0270844 0.0182501 0.0599906 0.214565 0.0378702 0.0329179 0.0181595
188 H 3.75678 0.02023 0.0651857 0.0494644 0.0195557 0.0115034 0.013668 0.196169 0.0145011 0.00620816 0.0727654 0.01521 0.102667 0.117107 0.117909 0.0511168 0.0258588 0.0142594 0.0167143 0.0260743 0.0438318
189 G 3.6757 0.0468066 0.115423 0.0649253 0.0115423 0.024865 0.26038 0.0180662 0.0205027 0.0176068 0.0488211 0.0112913 0.0237754 0.0196586 0.0194334 0.0566265 0.103988 0.0337822 0.077628 0.0132051 0.011672
