# POSITION WT SITE_ENTROPY PI_A PI_C PI_D PI_E PI_F PI_G PI_H PI_I PI_K PI_L PI_M PI_N PI_P PI_Q PI_R PI_S PI_T PI_V PI_W PI_Y
1 M 3.99567 0.0427544 0.0374221 0.0420311 0.0582723 0.0435674 0.0482929 0.0472816 0.231171 0.071584 0.0316854 0.0269326 0.0463839 0.0420821 0.0182757 0.0294882 0.0502256 0.0354457 0.0234472 0.0314213 0.0422352
2 I 3.67029 0.0540716 0.00803967 0.00711067 0.00817431 0.167652 0.00435963 0.114193 0.0310624 0.16934 0.0151861 0.038828 0.04773 0.0060156 0.0522413 0.0157183 0.0148559 0.0407375 0.0734514 0.0207083 0.110524
3 E 3.68538 0.0038058 0.0219112 0.0221529 0.0161112 0.190649 0.01347 0.128612 0.0161112 0.0319398 0.0303617 0.006713 0.0754888 0.0341377 0.0628413 0.0907488 0.0390575 0.0759528 0.00298971 0.0080556 0.12889
4 Q 3.91677 0.00635973 0.0194782 0.0222373 0.102703 0.0283559 0.0962845 0.0249012 0.0367565 0.104619 0.113468 0.0379446 0.066178 0.0759818 0.0265612 0.0244721 0.0104727 0.021387 0.114877 0.0617369 0.00522516
5 D 3.78932 0.0158117 0.00936694 0.00853432 0.03537 0.0298354 0.0682317 0.0580334 0.0602326 0.138201 0.157056 0.0022126 0.0831549 0.040447 0.0371318 0.0117574 0.138375 0.047857 0.0131594 0.025603 0.0196289
6 G 3.61222 0.0319481 0.00308166 0.0237728 0.0226345 0.0555475 0.00330177 0.0010183 0.1148 0.164517 0.00755861 0.0393211 0.067971 0.178161 0.00271479 0.00780511 0.0680616 0.0791092 0.0109827 0.0762883 0.0414042
7 L 3.46876 0.0229594 0.297694 0.00929163 0.135946 0.00692648 0.0960328 0.0300755 0.0115441 0.102565 0.0476196 0.0357147 0.00859798 0.0365301 0.0142859 0.0408789 0.0427241 0.0112224 0.0315402 0.0140915 0.00375944
8 H 3.52831 0.0161925 0.0535517 0.0305138 0.0972627 0.0068656 0.0537806 0.034328 0.0068656 0.00961185 0.066204 0.0853562 0.0419565 0.323406 0.0284432 0.0328673 0.0193852 0.00591862 0.0274624 0.0100965 0.0499317
9 A 3.87807 0.0546596 0.0102487 0.0115073 0.0498009 0.0164846 0.0885724 0.0249324 0.113177 0.0935286 0.111045 0.031234 0.0561885 0.137891 0.0120573 0.0439379 0.0527417 0.0152145 0.061828 0.00280305 0.0121466
10 G 3.86325 0.00548111 0.0572265 0.0383678 0.0228574 0.0213154 0.153471 0.0177082 0.0348798 0.0242323 0.0367466 0.0682094 0.0249837 0.0420219 0.0590274 0.049939 0.0257168 0.0504704 0.206305 0.0191839 0.0418558
11 S 3.43784 0.00232077 0.11367 0.0113994 0.0169629 0.07847 0.00391688 0.0379454 0.0761882 0.00138304 0.108345 0.0292045 0.00192943 0.0339258 0.071792 0.17098 0.00289414 0.0165793 0.0170071 0.0016697 0.203417
12 P 3.96638 0.104726 0.0355334 0.0493407 0.0145732 0.045531 0.0260578 0.0191881 0.0183715 0.014666 0.0527881 0.0383761 0.0302969 0.191881 0.0668348 0.0430278 0.0648485 0.0858413 0.0446618 0.0185691 0.0348874
13 A 3.83544 0.051559 0.0149446 0.14131 0.0441935 0.0130379 0.0214449 0.0498958 0.0212961 0.153204 0.12516 0.0077825 0.014322 0.0205324 0.0308343 0.0685626 0.0830188 0.0610459 0.0519817 0.00736558 0.0185084
14 A 4.01795 0.0659459 0.0809336 0.0501189 0.0321275 0.00989189 0.0515577 0.0478785 0.00999181 0.0750419 0.00512913 0.124565 0.026659 0.0969793 0.0141313 0.0489774 0.0876387 0.0710846 0.0485917 0.0263784 0.0263784
15 W 3.85507 0.0209124 0.101706 0.0235164 0.0172174 0.0102029 0.114309 0.0163975 0.0179979 0.0459129 0.13437 0.0304018 0.0344347 0.0187111 0.0365217 0.0937389 0.0463544 0.0306086 0.0270329 0.160695 0.0189584
16 V 3.35779 0.0962785 0.0186212 0.010454 0.041504 0.00279318 0.0580729 0.00292097 0.00502851 0.324881 0.0145627 0.0093106 0.0248283 0.00293425 0.0472538 0.141419 0.0699305 0.0514121 0.0248283 0.0260697 0.0268973
17 E 3.92844 0.0260682 0.0115135 0.0671619 0.115135 0.0348893 0.0335809 0.0417745 0.0236174 0.00885651 0.0244586 0.0250293 0.0127927 0.0991437 0.0865495 0.0683419 0.129058 0.0250293 0.0379102 0.115135 0.0139557
18 R 3.62299 0.0169541 0.0284169 0.06157 0.129981 0.030785 0.0506332 0.0324053 0.0244796 0.301946 0.0329081 0.012314 0.0405802 0.0265302 0.0151816 0.06157 0.063046 0.0106892 0.0118742 0.0273644 0.0207706
19 L 3.85231 0.0101609 0.026198 0.0315135 0.0425433 0.0070143 0.0342638 0.0869774 0.0301076 0.0133129 0.217443 0.0563742 0.0395352 0.0593028 0.0141811 0.0819869 0.0243407 0.0323852 0.0890732 0.0217443 0.0815413
20 F 3.83956 0.0504419 0.0642331 0.0389829 0.143226 0.0256933 0.00844207 0.0491842 0.0415626 0.14961 0.028533 0.039641 0.00911696 0.0595002 0.0253639 0.154583 0.0172728 0.0483278 0.0189907 0.0114192 0.0158755
21 G 4.03045 0.0547066 0.0673078 0.0905031 0.0570345 0.0180009 0.154808 0.0167864 0.0241094 0.0448128 0.0371539 0.012552 0.0439981 0.0182955 0.0433462 0.04184 0.0923416 0.0480439 0.0796155 0.0134616 0.0412821
22 Y 3.83503 0.0450655 0.0935976 0.0581161 0.0274437 0.0498977 0.0169808 0.111464 0.0127481 0.0230527 0.0928865 0.0188186 0.0178159 0.0167453 0.0223091 0.0288622 0.0889694 0.0167453 0.0493987 0.0114881 0.197595
23 D 3.96974 0.0213978 0.0530163 0.111269 0.0710883 0.0226658 0.0225038 0.0175687 0.10409 0.0316237 0.0382135 0.00855913 0.0519947 0.035029 0.0457269 0.0645568 0.0353702 0.149517 0.0156167 0.0148358 0.0853568
24 W 3.91439 0.0191971 0.0278437 0.0505606 0.0322401 0.0395201 0.0862762 0.0340312 0.0137964 0.0196334 0.0959268 0.0204187 0.093138 0.0171586 0.0453749 0.0612005 0.0528918 0.0464062 0.0178927 0.204187 0.0223061
25 A 3.94264 0.0744218 0.0306443 0.0682839 0.133339 0.0106317 0.0245858 0.0343485 0.0530128 0.102723 0.0203497 0.0372109 0.00578033 0.0232068 0.062671 0.0183699 0.0542607 0.0446531 0.149559 0.0297687 0.0221787
26 Q 3.86991 0.0105361 0.0353503 0.0180082 0.0852467 0.0423825 0.0134046 0.0622032 0.0341608 0.0514964 0.185362 0.0312571 0.0177886 0.0260476 0.10419 0.0835694 0.0294451 0.0288931 0.0183192 0.112416 0.00992289
27 Q 2.93505 0.00590451 0.0159525 0.00799587 0.0157132 0.00457968 0.00829478 0.0281122 0.416281 0.0152934 0.00439136 0.0304549 0.0652604 0.0238232 0.0522083 0.0237103 0.0126496 0.0392607 0.210369 0.0130521 0.00669338
28 T 3.95097 0.147647 0.0146739 0.0453164 0.0275135 0.0212385 0.0111919 0.122632 0.0173769 0.035326 0.0334478 0.055027 0.057028 0.0352173 0.0220108 0.102672 0.0413303 0.110054 0.032475 0.015722 0.0521
29 I 3.85876 0.0156432 0.0218114 0.0161615 0.039108 0.0565463 0.0484579 0.0127753 0.191629 0.0163586 0.094502 0.114977 0.0191629 0.0494527 0.0921294 0.00861254 0.0740652 0.0306606 0.0405803 0.0416585 0.0157073
30 G 3.80963 0.0428348 0.114226 0.0357334 0.0135106 0.0917981 0.209414 0.0222106 0.0205981 0.0179498 0.0211174 0.0225523 0.0157061 0.0281904 0.0218791 0.0547699 0.112111 0.0155763 0.0789331 0.0239331 0.0369555
31 C 1.35739 0.00224484 0.00789095 0.00175354 0.00108841 0.00502151 0.00148535 0.00255295 0.00157819 0.748034 0.01779 0.00273148 0.00150856 0.0019091 0.163619 0.0230202 0.00599536 0.00247739 0.00406267 0.00286943 0.00236728
32 S 3.87421 0.0435701 0.0490406 0.037895 0.0204513 0.0228445 0.0958064 0.0325361 0.0497945 0.0357898 0.0384085 0.0241581 0.00550612 0.0130938 0.0174112 0.0965239 0.214739 0.0661865 0.0830082 0.0277082 0.0255284
33 D 3.19621 0.0294457 0.00943612 0.0278794 0.00849983 0.00479646 0.171339 0.0168744 0.00413029 0.0254668 0.024883 0.00880403 0.00869634 0.122105 0.00929314 0.0304139 0.192667 0.267759 0.0166444 0.00842867 0.0124385
34 A 3.90596 0.165781 0.0138151 0.0216236 0.0805881 0.0207226 0.045213 0.0244595 0.0293938 0.0193411 0.0209238 0.0190241 0.0324354 0.0414453 0.127027 0.0753551 0.123394 0.034161 0.0552604 0.030142 0.0198937
35 A 3.66584 0.0422509 0.024348 0.00879334 0.0524935 0.0585013 0.0109148 0.0510941 0.0928135 0.00808278 0.0116746 0.0120717 0.0633764 0.0146101 0.0526765 0.0312387 0.0949711 0.281529 0.0216625 0.0422509 0.0246464
36 V 3.72499 0.0564786 0.0271319 0.0354801 0.0192184 0.0134778 0.166801 0.0322869 0.020054 0.0197112 0.0836169 0.0581397 0.0215246 0.0144138 0.024023 0.0741763 0.00835583 0.034213 0.230621 0.0314483 0.0288276
37 F 3.80035 0.0284732 0.0124636 0.0278542 0.00942757 0.245117 0.0225994 0.0318652 0.0201861 0.0377103 0.0523283 0.0377103 0.0251402 0.0358125 0.0435763 0.0156067 0.128643 0.0335776 0.0513035 0.0565654 0.08404
38 R 3.85916 0.0142818 0.0531169 0.0262867 0.0276612 0.0205645 0.0573806 0.0824448 0.0719756 0.0147462 0.120524 0.012214 0.0314893 0.0388135 0.0196616 0.201532 0.079653 0.016587 0.0200729 0.0671772 0.0238174
39 L 3.60079 0.00880888 0.0342567 0.0230083 0.0303256 0.0527374 0.291182 0.0428209 0.0146042 0.0173425 0.154155 0.0770777 0.0122346 0.0400804 0.0140141 0.0282854 0.0313536 0.0196376 0.0189846 0.0560565 0.0330333
40 S 3.47438 0.013237 0.00943437 0.0112314 0.0178007 0.00982747 0.0193857 0.0658212 0.0417515 0.0133003 0.0128447 0.0174951 0.0238509 0.0174804 0.0669508 0.0625994 0.101083 0.274233 0.0368815 0.176895 0.00789708
41 A 3.13504 0.0886123 0.405468 0.00656388 0.0405085 0.010425 0.0163592 0.00901142 0.00886123 0.0376299 0.00396772 0.00886123 0.0820484 0.0193336 0.074582 0.0111371 0.0784852 0.0679361 0.0151044 0.0110765 0.00402783
42 Q 3.82203 0.0520964 0.018839 0.0664374 0.153067 0.00874667 0.00968557 0.0349867 0.018839 0.089057 0.0222642 0.0146944 0.00593713 0.0939513 0.0612267 0.0857953 0.105466 0.110522 0.0228303 0.0146742 0.0108847
43 G 2.42887 0.0123625 0.0240439 0.0333655 0.0080359 0.0212667 0.039432 0.0223803 0.0105522 0.0183656 0.00844971 0.004464 0.081977 0.00851731 0.013144 0.0252611 0.616245 0.0304524 0.00728634 0.0072292 0.00716945
44 R 3.74963 0.0191508 0.0124183 0.0381264 0.0140856 0.0139514 0.0949215 0.028976 0.0253189 0.175317 0.107138 0.0340894 0.0241467 0.0281481 0.0486992 0.14488 0.0139308 0.0173856 0.01823 0.125563 0.0155229
45 P 3.72152 0.0220265 0.0113647 0.0779296 0.0983701 0.00636425 0.0181836 0.0174842 0.00836026 0.175199 0.0269672 0.0113647 0.0735515 0.0909179 0.148775 0.0975542 0.0234821 0.0382482 0.0120946 0.0207812 0.020981
46 V 3.30074 0.153671 0.0782778 0.0380412 0.00915429 0.00230165 0.153148 0.0100697 0.00929513 0.00657614 0.0200747 0.012855 0.0423767 0.0600731 0.00268526 0.0112892 0.0521923 0.284927 0.0402789 0.00525377 0.00745905
47 L 3.58475 0.00575926 0.0695598 0.0129845 0.00225425 0.169069 0.0143211 0.141206 0.00202883 0.0632994 0.0811531 0.0601134 0.00450851 0.0414047 0.0237521 0.0536658 0.0117558 0.00811531 0.0290443 0.027051 0.178953
48 F 3.84663 0.0212999 0.0363873 0.0335883 0.0148016 0.218324 0.0390381 0.0202569 0.00642129 0.0363873 0.069004 0.0176068 0.0357908 0.0218324 0.0873296 0.0165977 0.0584052 0.0283013 0.107687 0.0451705 0.0857702
49 V 3.65268 0.069314 0.0397591 0.0460369 0.0212478 0.0157841 0.115835 0.0331466 0.00974899 0.0192713 0.106239 0.0637434 0.010326 0.0264212 0.0166148 0.030317 0.0175379 0.0431596 0.276221 0.0141652 0.025111
50 K 3.92035 0.0256579 0.015989 0.0309381 0.0640861 0.0296207 0.0225171 0.0307134 0.039602 0.181209 0.0153676 0.0652353 0.0340619 0.0311758 0.0418175 0.149348 0.0764639 0.0616111 0.0487871 0.0241612 0.0116373
51 T 3.92818 0.0467013 0.0583766 0.0700519 0.0219771 0.0254734 0.0193247 0.00778355 0.0311342 0.0113215 0.0421227 0.037361 0.109885 0.0390988 0.101894 0.0354133 0.0615443 0.186805 0.0241039 0.0509469 0.0186805
52 D 3.15153 0.336362 0.0969801 0.0159455 0.0840407 0.00223237 0.0130981 0.00510257 0.0879158 0.00283476 0.00784485 0.00584669 0.0111135 0.00452508 0.0476268 0.00194458 0.115518 0.107431 0.037252 0.00896936 0.00741652
53 L 3.9356 0.0763441 0.00856052 0.0107443 0.0473546 0.0752102 0.00863901 0.0697071 0.0100797 0.0921932 0.0250701 0.0250701 0.0521729 0.0158134 0.0141906 0.100488 0.0473645 0.0264153 0.110308 0.0643102 0.119963
54 S 3.75543 0.0255416 0.031515 0.0353652 0.164196 0.0149918 0.0545322 0.183233 0.0807005 0.0186384 0.0229874 0.0766247 0.0229874 0.018148 0.019387 0.059485 0.114937 0.00845857 0.0165269 0.0164196 0.0153249
55 G 3.62808 0.034092 0.0479339 0.0186956 0.0185866 0.0197719 0.0827948 0.334559 0.0162633 0.0413974 0.0491919 0.0413974 0.0216844 0.0126297 0.051138 0.0470508 0.0285121 0.017046 0.0526135 0.0194811 0.0451608
56 A 3.88332 0.107353 0.0109793 0.172958 0.0691426 0.0116688 0.0204818 0.0600907 0.0287402 0.0738052 0.0159887 0.0417484 0.0133082 0.0661137 0.121562 0.0220074 0.0558585 0.0292781 0.0394782 0.0278323 0.0116057
57 L 3.79218 0.0342622 0.0359005 0.0221387 0.0336893 0.0201261 0.0325569 0.0534382 0.0233039 0.0245985 0.221387 0.057753 0.0343768 0.0899383 0.0354219 0.16604 0.0267023 0.0235101 0.00539967 0.028566 0.0308912
58 N 3.9107 0.11891 0.0250166 0.00918978 0.0740752 0.0395868 0.0209198 0.0519576 0.0131283 0.138554 0.0423041 0.0310551 0.128657 0.0162965 0.0421826 0.0886814 0.0354102 0.0212779 0.00989669 0.0201815 0.0727191
59 E 3.71846 0.040422 0.047271 0.0157265 0.184786 0.184786 0.0979928 0.0197986 0.00659952 0.0295658 0.0388319 0.0369573 0.0215285 0.0197345 0.103942 0.0189239 0.0361751 0.0209192 0.0562394 0.013199 0.00659952
60 L 3.88124 0.0166989 0.0232358 0.0255667 0.0274605 0.0200387 0.0161181 0.0393184 0.0762467 0.0236628 0.123572 0.204369 0.0294219 0.0492279 0.0264798 0.0746248 0.0373048 0.0147749 0.0730199 0.0741433 0.0247144
61 Q 3.87472 0.034478 0.0126638 0.126993 0.1032 0.016702 0.021007 0.132857 0.0434 0.0640666 0.0169519 0.0436695 0.0221895 0.0222089 0.0743999 0.0390209 0.0148111 0.0229963 0.0238461 0.0186 0.145938
62 D 3.2905 0.0136333 0.0139579 0.0977051 0.405651 0.0139579 0.0220388 0.028366 0.0157907 0.0279158 0.029485 0.019541 0.0284458 0.00964989 0.00651368 0.0376771 0.0191921 0.0254883 0.0469292 0.0488526 0.089209
63 E 3.95698 0.0602685 0.024899 0.0521322 0.139019 0.0115849 0.0589321 0.0285168 0.0297899 0.0250235 0.0929196 0.139019 0.0347548 0.0188501 0.113453 0.0314448 0.0313107 0.0197471 0.0333265 0.036584 0.0184242
64 A 3.8539 0.186165 0.115245 0.0242166 0.0664877 0.0248221 0.0369593 0.0169241 0.0299982 0.0439267 0.0204577 0.00716021 0.0148932 0.0427265 0.0139624 0.0399818 0.136757 0.0384151 0.0682607 0.0531901 0.0194501
65 A 3.13997 0.0886887 0.0448786 0.0207739 0.0512424 0.00958797 0.00458735 0.0126698 0.0147815 0.00719098 0.0125267 0.0788344 0.0138576 0.0462181 0.0147072 0.0161529 0.0324124 0.0171415 0.436696 0.0591258 0.0179264
66 R 3.95945 0.0308267 0.0464887 0.0591675 0.0345963 0.0518944 0.0317132 0.0599854 0.0294807 0.00929774 0.076211 0.0322322 0.0357606 0.0822116 0.01651 0.185955 0.116312 0.0172458 0.0343024 0.0232444 0.026565
67 L 3.93514 0.0186699 0.0271626 0.0312781 0.0447277 0.00997273 0.0474564 0.140491 0.0352422 0.0242865 0.17203 0.0373977 0.0309267 0.0941294 0.0373977 0.0935841 0.0464027 0.0337915 0.0218066 0.0286716 0.0245756
68 S 3.91649 0.0824551 0.0182979 0.0306613 0.0236348 0.0398059 0.0480444 0.0333667 0.0556874 0.0740981 0.0163562 0.0143241 0.0378156 0.0429723 0.133266 0.167828 0.094539 0.00727223 0.0238735 0.0378156 0.0178858
69 W 3.95111 0.0429682 0.0163689 0.0303305 0.0194789 0.052884 0.11229 0.038194 0.0249493 0.0370188 0.0682616 0.0171873 0.0198861 0.00982131 0.0859365 0.0314282 0.0786537 0.0401037 0.0214841 0.171873 0.0808814
70 L 3.89902 0.0210738 0.0711825 0.0665027 0.0413614 0.00495853 0.0312669 0.024157 0.0159682 0.0330569 0.188424 0.12903 0.0144942 0.0671397 0.0134589 0.0513036 0.0240843 0.0369805 0.0713451 0.0376848 0.0565273
71 A 3.93306 0.153132 0.0612528 0.0408352 0.0863108 0.043752 0.0752459 0.0187161 0.0139211 0.0239594 0.0149397 0.0399475 0.0349746 0.0462285 0.03646 0.0542343 0.160093 0.0235588 0.041954 0.0191415 0.0113431
72 T 3.83081 0.0504339 0.0378254 0.0480323 0.0126085 0.0199245 0.0352237 0.0486948 0.00665063 0.0896603 0.0224151 0.0148063 0.038689 0.0981994 0.0165056 0.0295399 0.130603 0.201736 0.0164124 0.0537962 0.028243
73 T 3.78195 0.136565 0.0318651 0.0121391 0.0254921 0.0283246 0.0132618 0.0527423 0.0379347 0.0229847 0.0199938 0.0443341 0.0566491 0.0231746 0.0318651 0.0196093 0.0537484 0.254921 0.0313061 0.0364173 0.0666717
74 G 3.51403 0.0899391 0.150071 0.00983369 0.0306811 0.00599241 0.191757 0.0174325 0.0127838 0.00290541 0.0176328 0.0263196 0.0191757 0.0375177 0.0136969 0.0176759 0.0195308 0.0292511 0.0988747 0.191757 0.0171723
75 V 3.67883 0.100929 0.0288214 0.0288214 0.013464 0.0167688 0.0159863 0.0147566 0.14379 0.0250112 0.131915 0.0461143 0.0160398 0.00780771 0.11614 0.0197633 0.0198467 0.0347214 0.184457 0.015632 0.0192143
76 P 3.74419 0.0127545 0.0230983 0.0163195 0.0130329 0.0130935 0.0372942 0.0505276 0.021087 0.0140755 0.111496 0.031279 0.0125116 0.187674 0.137627 0.0758682 0.106486 0.0749568 0.0127237 0.0201079 0.0279865
77 C 3.90228 0.0331777 0.223949 0.0814361 0.0335924 0.0344537 0.0528769 0.0181581 0.0362585 0.0144483 0.0337701 0.0373249 0.0124416 0.0329337 0.0139968 0.0552602 0.0447899 0.0335924 0.0492302 0.111975 0.0463343
78 A 3.66448 0.224944 0.0175738 0.0293405 0.056236 0.0057678 0.0262625 0.0156938 0.0191442 0.056236 0.0310898 0.0107116 0.0287163 0.033532 0.049378 0.205728 0.069468 0.0435938 0.0436459 0.0160674 0.0168708
79 A 3.27374 0.034962 0.00819422 0.0150817 0.0400121 0.00414024 0.0249955 0.0308488 0.262938 0.2319 0.00423782 0.00268939 0.043163 0.0100852 0.05827 0.127045 0.0453079 0.0352982 0.00760044 0.0104886 0.00274212
80 V 3.77656 0.0410242 0.042265 0.0324032 0.0125432 0.0472911 0.0537069 0.0207632 0.130625 0.0108011 0.050718 0.0353489 0.0172817 0.02461 0.015936 0.09085 0.0181831 0.0109532 0.194419 0.134598 0.015679
81 L 3.99168 0.0283 0.0361069 0.0363576 0.146874 0.013882 0.0450835 0.0153166 0.10197 0.0393647 0.130887 0.0682891 0.0287952 0.0535449 0.0461956 0.0729425 0.0196967 0.041884 0.0381755 0.0132358 0.0230978
82 D 3.85116 0.00558703 0.0213765 0.245829 0.0409716 0.0786654 0.0614574 0.0565125 0.0250846 0.0327773 0.0227419 0.0351185 0.0797285 0.0409716 0.032346 0.0101489 0.0503273 0.0686407 0.0251417 0.0231915 0.0433817
83 V 2.45763 0.0357921 0.00657897 0.00456635 0.0309511 0.617534 0.0357081 0.0153076 0.0163422 0.0114961 0.0322248 0.0358381 0.00962922 0.00785209 0.00513905 0.0378291 0.025658 0.0110719 0.0453949 0.00394738 0.0111386
84 V 3.77639 0.111125 0.0709383 0.0147654 0.0387928 0.0251012 0.0445344 0.0228193 0.0592668 0.00738271 0.0429003 0.0251012 0.0369136 0.00969159 0.219636 0.0168748 0.0505357 0.0447008 0.125506 0.0268942 0.0065198
85 T 3.91512 0.0932761 0.0577517 0.0208448 0.0262988 0.0234998 0.0297626 0.0345869 0.0684136 0.00570113 0.0412413 0.020031 0.0480744 0.0568213 0.0180279 0.0336885 0.0641378 0.222344 0.0619648 0.0444688 0.0290646
86 E 4.04814 0.0859541 0.0265694 0.102862 0.153285 0.0766424 0.0521821 0.0197787 0.0289998 0.064541 0.0492895 0.0255475 0.0196519 0.0510949 0.0218978 0.0480639 0.030657 0.01858 0.0638687 0.030657 0.0298775
87 A 3.87234 0.115593 0.0179214 0.0243354 0.115593 0.0262712 0.00924745 0.0704836 0.0215057 0.0672053 0.0192655 0.166968 0.0311212 0.0368558 0.0577966 0.0276573 0.10486 0.0147465 0.0365031 0.0188175 0.0172527
88 G 3.9076 0.0679005 0.128279 0.0691817 0.0244442 0.0126983 0.174601 0.0102707 0.0126001 0.0238093 0.0214235 0.0349203 0.0331887 0.033695 0.0225292 0.0979905 0.0758613 0.0344608 0.0552158 0.0436503 0.0232802
89 R 3.96812 0.0287023 0.0686165 0.0191397 0.0271237 0.0306083 0.0947334 0.081371 0.030701 0.0447797 0.0947991 0.0125573 0.0164055 0.0361903 0.0242176 0.169523 0.0763785 0.0175632 0.0232223 0.07029 0.0330777
90 D 3.90087 0.0758025 0.0397042 0.201168 0.012573 0.0233916 0.067056 0.0383177 0.0210176 0.0287383 0.0355421 0.0229179 0.106501 0.0361071 0.0477348 0.0269169 0.0248502 0.0490025 0.00574766 0.0349858 0.101925
91 W 3.84424 0.0226027 0.094178 0.0152721 0.0248772 0.021266 0.153848 0.0348807 0.0142694 0.0368522 0.0707138 0.040362 0.0247837 0.0161094 0.0788467 0.0510997 0.0292998 0.0184261 0.0168677 0.188356 0.047089
92 L 3.90778 0.041323 0.0225744 0.044453 0.0463581 0.0432676 0.0511767 0.0193159 0.074173 0.0261097 0.216338 0.0786683 0.0190886 0.0868758 0.0890803 0.0311074 0.0207835 0.0180282 0.023076 0.0332827 0.0149199
93 L 3.84056 0.00867073 0.0377177 0.0471471 0.0212162 0.0536352 0.0343896 0.016399 0.00927484 0.0137992 0.188588 0.136203 0.0382643 0.0845396 0.0190833 0.0718432 0.0733399 0.0178394 0.0778301 0.0336765 0.0165428
94 L 3.7775 0.0308441 0.0284045 0.0149631 0.0258821 0.0143645 0.0220508 0.0104091 0.0389736 0.016511 0.239409 0.0736643 0.0140829 0.123566 0.0505794 0.0643789 0.022148 0.0846187 0.0320469 0.0598522 0.0332512
95 G 3.66436 0.0196844 0.0538534 0.0185302 0.010832 0.0100901 0.184144 0.0380988 0.0057545 0.149069 0.0411385 0.017166 0.00800626 0.0161126 0.0442878 0.145377 0.0986486 0.0195898 0.0795502 0.014287 0.0257802
96 E 3.78134 0.040679 0.0271193 0.110737 0.189835 0.0198336 0.0751946 0.0126557 0.0187162 0.0742084 0.0431444 0.0345155 0.0256534 0.0151196 0.169363 0.0318103 0.0282188 0.0126557 0.0246083 0.0284753 0.0174561
97 V 3.81547 0.0330602 0.0482403 0.0524307 0.0114571 0.033072 0.0646657 0.0119035 0.0343712 0.029888 0.0777205 0.014944 0.0109115 0.0271352 0.0763805 0.12554 0.0317622 0.0401588 0.229141 0.0305522 0.0166648
98 P 3.54255 0.0130736 0.0283261 0.0242795 0.0154506 0.0141631 0.0358287 0.0147788 0.013301 0.0183737 0.0437315 0.0159334 0.0242795 0.169957 0.283261 0.0778115 0.0605888 0.0775002 0.0379903 0.0219299 0.00944204
99 G 3.93925 0.0378799 0.101561 0.0356224 0.0128008 0.0303039 0.185611 0.0362168 0.0138221 0.0265159 0.0170562 0.0928056 0.0530318 0.0387844 0.0174693 0.0647888 0.0895147 0.0353545 0.0640039 0.020341 0.0265159
100 Q 3.96123 0.0200923 0.0421545 0.0305381 0.0708294 0.0199063 0.0180105 0.0819002 0.0295516 0.0895783 0.0738283 0.0298594 0.0199063 0.0953843 0.179157 0.0518937 0.0316159 0.0520626 0.0325739 0.0194736 0.0116841
101 D 3.91226 0.0914055 0.0138237 0.165884 0.0147817 0.0228091 0.0410435 0.114843 0.0179334 0.0229414 0.024615 0.0288494 0.0276473 0.0311605 0.0870891 0.0114196 0.0638015 0.0152537 0.0801462 0.0491508 0.0754018
102 L 3.55688 0.0224159 0.00682224 0.0269692 0.015185 0.00784558 0.0348692 0.042794 0.011208 0.0241402 0.156912 0.282441 0.0207677 0.093711 0.0348692 0.0780804 0.0163126 0.0174346 0.0523038 0.0313823 0.0235367
103 L 3.75624 0.0224828 0.0349394 0.0807974 0.0310262 0.00994429 0.0131467 0.0978304 0.00680399 0.0161595 0.258552 0.0807974 0.0250211 0.0361416 0.0172368 0.0502739 0.0309138 0.03402 0.0474891 0.0705141 0.03591
104 S 3.82126 0.0194568 0.0195113 0.0210416 0.0119236 0.0362891 0.0538592 0.0214624 0.0447133 0.0272168 0.0447133 0.0786954 0.0359705 0.0156142 0.0596178 0.103547 0.178853 0.167498 0.0310509 0.0155525 0.013414
105 S 3.9146 0.0598746 0.047664 0.028466 0.0234235 0.018018 0.0889428 0.0302393 0.0596583 0.0372646 0.102478 0.0157658 0.0218038 0.0252253 0.00731983 0.0731983 0.204955 0.0483602 0.0210811 0.0425379 0.0437238
106 H 3.98094 0.0245018 0.0269244 0.0803022 0.0891415 0.025469 0.044726 0.101876 0.0171916 0.0218306 0.0111068 0.0370458 0.112695 0.0840477 0.0819783 0.0505867 0.110181 0.0222335 0.0270608 0.00955087 0.0215507
107 L 3.11121 0.0108435 0.00652821 0.0139949 0.0188166 0.014217 0.019014 0.0213255 0.0251336 0.0110304 0.159941 0.399853 0.0218102 0.120931 0.0296187 0.0238374 0.0117851 0.0187517 0.0409152 0.0121474 0.019505
108 A 3.58381 0.135314 0.0427307 0.0218248 0.048713 0.018881 0.171213 0.0162377 0.0172459 0.0200961 0.0103645 0.0112762 0.0164017 0.218332 0.0150349 0.0129281 0.096281 0.0201531 0.0683844 0.0241632 0.0144243
109 P 3.83109 0.0469551 0.0124293 0.0223951 0.041431 0.0493226 0.0233633 0.0106233 0.0128668 0.0153448 0.112017 0.0188323 0.0295936 0.207155 0.09561 0.035111 0.0497172 0.0932197 0.0772442 0.0265583 0.0202102
110 A 3.77586 0.172422 0.0358279 0.0466005 0.189941 0.0321465 0.00584481 0.0378487 0.0462595 0.0596845 0.0227143 0.0149932 0.0263017 0.0279275 0.0492634 0.0168038 0.119036 0.0367253 0.035123 0.0139802 0.0105564
111 E 3.91133 0.079396 0.0873356 0.0694206 0.174671 0.0171552 0.0691407 0.0199624 0.0383893 0.0194079 0.117618 0.0377668 0.0105861 0.0202322 0.0532895 0.0464952 0.0209187 0.0558948 0.0386772 0.00776317 0.0158792
112 K 3.84057 0.0177651 0.0188076 0.0255568 0.110359 0.0184731 0.0490248 0.0272797 0.0698436 0.24279 0.0489203 0.0364184 0.0855545 0.0251952 0.0422243 0.0346842 0.044065 0.040691 0.0195798 0.0269766 0.0157912
113 V 3.70707 0.052444 0.0500602 0.0492395 0.0465676 0.036809 0.0312876 0.0131737 0.0124459 0.0167885 0.0715146 0.0296967 0.0156438 0.0206671 0.0211793 0.0411888 0.0283846 0.167593 0.250301 0.0116419 0.0333735
114 S 2.60393 0.186494 0.51285 0.00574085 0.00154561 0.0163721 0.024227 0.00317258 0.0120144 0.0126903 0.0247722 0.040186 0.0339069 0.0107163 0.00945552 0.0304756 0.040186 0.0088907 0.011907 0.0020093 0.0123882
115 I 3.79066 0.0257784 0.00313279 0.079423 0.0316577 0.0332795 0.0180449 0.0601497 0.225561 0.115829 0.0275686 0.0751871 0.0318975 0.0345861 0.00550149 0.0371177 0.0530237 0.0308663 0.0807272 0.0187968 0.0118716
116 M 3.68171 0.0200953 0.0291382 0.0257446 0.0102239 0.0133969 0.0142572 0.00844586 0.126533 0.0218264 0.0147366 0.194255 0.0377718 0.0149427 0.0356794 0.104401 0.0173098 0.164891 0.0654123 0.0485637 0.0323758
117 A 3.91535 0.176558 0.021187 0.0353116 0.115147 0.0623146 0.0385919 0.0227253 0.0259963 0.0261568 0.0185851 0.0882791 0.021401 0.0079352 0.064792 0.0591608 0.0921173 0.0441395 0.044334 0.0067907 0.0284771
118 D 3.75668 0.0559145 0.0515656 0.193371 0.0148747 0.014569 0.0190984 0.0483427 0.0271678 0.0121946 0.0181285 0.0322285 0.0363479 0.0173168 0.0210186 0.0142986 0.0340442 0.0217399 0.162839 0.0859426 0.118997
119 A 3.80081 0.227375 0.0303167 0.0162411 0.0742451 0.0227375 0.111459 0.0332745 0.0156811 0.0391507 0.0175339 0.0324822 0.0195401 0.0561243 0.0108274 0.0121498 0.105533 0.0473699 0.0620115 0.0475113 0.0184358
120 M 3.72902 0.0192437 0.0586574 0.0314344 0.0272983 0.0209264 0.034799 0.0241962 0.090919 0.0379548 0.269649 0.129046 0.0212714 0.0268486 0.0223349 0.0242974 0.0189774 0.0498768 0.0520348 0.0133496 0.0268846
121 R 3.96739 0.0299795 0.0531636 0.100427 0.0448784 0.0210318 0.037974 0.050632 0.0233686 0.0564186 0.0862113 0.0159891 0.012658 0.0492636 0.0364551 0.151896 0.117374 0.0604705 0.024133 0.00562578 0.0220494
122 R 3.35332 0.0255928 0.00906305 0.0396508 0.0170923 0.0268115 0.0302185 0.0344719 0.025454 0.0603259 0.408678 0.0241304 0.0113111 0.0141304 0.0160869 0.0804345 0.0527852 0.0291019 0.0184127 0.0550342 0.0212135
123 L 3.86981 0.0234575 0.0271851 0.0442729 0.0472244 0.0315649 0.0206607 0.0187824 0.0147576 0.0229563 0.206607 0.0789284 0.0344345 0.0568642 0.0349642 0.141097 0.0271851 0.0351997 0.0881858 0.0229563 0.0227159
124 H 3.98877 0.0394382 0.0192244 0.114498 0.0286689 0.0244839 0.0308963 0.129764 0.0178426 0.0228996 0.0125763 0.0144183 0.0700316 0.0983064 0.0504639 0.0689887 0.0379798 0.0872752 0.0317202 0.0176951 0.0828283
125 T 3.85677 0.0935045 0.0208413 0.0219344 0.0198856 0.0134876 0.0493308 0.0172342 0.0379855 0.0142182 0.0152066 0.155107 0.143007 0.0606435 0.0500346 0.0459577 0.084604 0.103405 0.0106971 0.0166782 0.0262371
126 L 3.76432 0.0183946 0.0417712 0.0428422 0.0101263 0.0182274 0.0378305 0.023792 0.0288788 0.01896 0.22278 0.129955 0.0106085 0.120262 0.0245713 0.0692131 0.0212171 0.0191451 0.0724705 0.0371299 0.0318256
127 D 3.22521 0.0260206 0.0308995 0.123598 0.0359398 0.0176568 0.0308995 0.0149816 0.0201518 0.0118338 0.0205997 0.0137331 0.0200429 0.0392741 0.0384527 0.0191015 0.431942 0.0202922 0.0191282 0.02131 0.0441421
128 P 3.86869 0.0354905 0.0136047 0.0394975 0.0131658 0.0221815 0.0335812 0.0114279 0.127301 0.0669605 0.0416824 0.0194353 0.0330114 0.20407 0.0895918 0.0504443 0.0461916 0.0532357 0.0137885 0.020407 0.0649314
129 A 3.9574 0.151559 0.0369655 0.0265228 0.0793879 0.051963 0.0319071 0.0221793 0.0187772 0.0135724 0.0305152 0.034642 0.0202078 0.0338889 0.0398838 0.0989515 0.155003 0.0328681 0.0366405 0.0252598 0.0593055
130 T 4.00395 0.0479008 0.026592 0.0164387 0.0452064 0.0425472 0.0200917 0.0385761 0.0317935 0.0383569 0.0781424 0.0695482 0.0904127 0.016203 0.0709119 0.0190343 0.0215268 0.180825 0.0350855 0.0774966 0.0333099
131 C 3.82469 0.0548352 0.274176 0.036119 0.0163687 0.0613827 0.078336 0.04896 0.0219341 0.0291677 0.0408992 0.0240505 0.0255898 0.03456 0.0314628 0.0534977 0.0577212 0.0494011 0.0212539 0.011424 0.0288606
132 P 3.9533 0.0960999 0.0334188 0.0299997 0.0378747 0.0228913 0.020323 0.0261204 0.0150296 0.0370513 0.0560037 0.0315622 0.0338167 0.189373 0.0946866 0.04645 0.0435726 0.107976 0.0227949 0.0252498 0.0297056
133 F 3.87027 0.0796611 0.0290076 0.0207538 0.0367667 0.262882 0.0323547 0.0258572 0.0413795 0.0183406 0.0321896 0.0657204 0.0365113 0.0356162 0.0257727 0.0262882 0.0449797 0.0378 0.0774809 0.0438136 0.0268247
134 D 3.61459 0.0176571 0.0205999 0.169949 0.0173418 0.019994 0.0698421 0.0505254 0.0288593 0.0258618 0.0132773 0.0339898 0.062774 0.0191285 0.280551 0.0449865 0.0217884 0.0155509 0.0198642 0.0264365 0.0410222
135 H 3.86428 0.033679 0.0224527 0.09382 0.0185151 0.017003 0.0342052 0.218913 0.0291885 0.0188718 0.0298518 0.0273642 0.123913 0.0407975 0.0347806 0.0622401 0.0253479 0.0582217 0.0151899 0.0291885 0.0664559
136 Q 3.82302 0.0145364 0.0282187 0.014849 0.0818343 0.00639331 0.018376 0.129833 0.019626 0.0438398 0.00884227 0.013949 0.0613758 0.0687832 0.153439 0.124997 0.0494127 0.0865837 0.011803 0.0278981 0.0354091
137 A 2.81884 0.0172069 0.00303652 0.0025682 0.00873188 0.0577338 0.00363993 0.00215087 0.417187 0.0118087 0.0514848 0.0620167 0.00344139 0.00176134 0.0129052 0.123591 0.0102453 0.00256595 0.0500864 0.0044405 0.153398
138 K 3.83927 0.0508479 0.0280032 0.0144844 0.0360979 0.023336 0.0280032 0.02917 0.052506 0.210024 0.0155573 0.00750086 0.0487556 0.0242335 0.035004 0.154633 0.0257757 0.0506955 0.0270031 0.0560064 0.0823624
139 H 4.09123 0.0772298 0.0262796 0.0535738 0.0261163 0.0409552 0.0126809 0.120135 0.0150169 0.0419076 0.0800901 0.0600676 0.0970323 0.0548694 0.0686487 0.0752847 0.0216335 0.0195342 0.0252136 0.0400451 0.0436855
140 R 3.79203 0.0362383 0.0366365 0.0359975 0.0422016 0.0340196 0.0625111 0.0324733 0.0204118 0.0310614 0.0651023 0.0376006 0.0204118 0.0459563 0.00865954 0.238137 0.158265 0.0297672 0.0177714 0.0170098 0.0297672
141 I 3.01768 0.020245 0.0546218 0.0154248 0.00719822 0.0376888 0.0140073 0.0107973 0.107973 0.00179956 0.0145349 0.0259136 0.0220854 0.0237015 0.0659837 0.0194163 0.0219076 0.0546072 0.462743 0.0154248 0.0039263
142 E 3.65307 0.0291603 0.0175611 0.0953317 0.190663 0.0165141 0.0679939 0.0193077 0.0904607 0.0857985 0.0277665 0.0211848 0.0048888 0.0163426 0.190663 0.0188208 0.0142286 0.0149866 0.0451571 0.0211848 0.0119846
143 R 3.52044 0.00917704 0.196556 0.0140205 0.0124382 0.0140205 0.00964939 0.070826 0.00440178 0.0147215 0.0551606 0.0996192 0.00913749 0.0441097 0.00688278 0.0757106 0.0434145 0.225538 0.0564118 0.0219805 0.0162237
144 A 3.69569 0.25525 0.0187684 0.0134342 0.110161 0.0275946 0.0433925 0.0182322 0.0100098 0.0275946 0.0184518 0.0283611 0.0364643 0.0520919 0.0397056 0.0192642 0.140715 0.033088 0.0642716 0.0212709 0.0218786
145 R 3.86487 0.0398338 0.0192984 0.0257311 0.00944388 0.0455243 0.0586403 0.0973382 0.00422726 0.0164393 0.0913455 0.0369885 0.128775 0.0236315 0.0130548 0.147954 0.0606612 0.0179338 0.0218038 0.033409 0.107966
146 T 3.48523 0.0151209 0.0519151 0.00399347 0.0991811 0.00953543 0.00734153 0.0283911 0.121745 0.0605676 0.151107 0.0129788 0.0169722 0.00288417 0.118663 0.0364472 0.0146717 0.0259575 0.212652 0.00589944 0.00397548
147 R 3.75166 0.0361206 0.076902 0.0246277 0.0388162 0.0451508 0.0781214 0.0127485 0.00970405 0.00802681 0.0869571 0.0342195 0.0264297 0.0341504 0.100802 0.216724 0.113835 0.0123842 0.0184803 0.00774014 0.0180603
148 M 3.77295 0.0165331 0.0200857 0.0380935 0.0200857 0.0406999 0.0337912 0.0163661 0.149091 0.0245491 0.0843291 0.220942 0.0252506 0.0184119 0.0254933 0.0207946 0.0216033 0.0322208 0.106964 0.0552356 0.029459
149 E 3.84849 0.00504269 0.0503197 0.01458 0.0352989 0.0147079 0.020591 0.0938799 0.100894 0.0983193 0.0817447 0.147079 0.104426 0.0143589 0.0488176 0.0386081 0.015009 0.00290696 0.0621501 0.0102955 0.0409719
150 A 3.63207 0.102498 0.0841948 0.0768735 0.0256245 0.0655987 0.027226 0.29076 0.00819984 0.0361758 0.00878554 0.0184832 0.00732128 0.0237495 0.0468562 0.0220932 0.045303 0.0261606 0.0523712 0.0146426 0.017083
151 G 3.66498 0.0184366 0.0459362 0.0378611 0.215417 0.0198445 0.124028 0.0192932 0.0110919 0.00885913 0.011649 0.0301689 0.170095 0.0254852 0.0456945 0.0554861 0.0231922 0.0236585 0.081504 0.0116276 0.0206713
152 L 3.81046 0.035702 0.0245216 0.00597322 0.0107106 0.0247825 0.040514 0.0258839 0.00228388 0.124243 0.155304 0.111624 0.0776518 0.0539249 0.00647098 0.0655894 0.0196361 0.0108811 0.0455937 0.103536 0.0551736
153 V 3.03603 0.0126462 0.0260941 0.00141653 0.013221 0.238969 0.00974768 0.0103232 0.106785 0.00450715 0.0998708 0.285807 0.004407 0.101593 0.00780255 0.00360572 0.0064903 0.0085672 0.039663 0.0115684 0.00691559
154 D 3.97135 0.0335892 0.0187911 0.155027 0.0930162 0.0825687 0.0904324 0.0342267 0.0181415 0.0215315 0.0374902 0.0404418 0.0258378 0.0238503 0.0238503 0.123906 0.0251667 0.0172252 0.0465081 0.0290676 0.0593313
155 Q 2.73217 0.00187306 0.0611256 0.000848967 0.0874239 0.00374076 0.00862416 0.00396185 0.0706522 0.00164799 0.0171337 0.0461353 0.000679174 0.00372602 0.0050938 0.00267175 0.00341026 0.0613485 0.109909 0.46434 0.0456542
156 D 3.8102 0.0638142 0.0244822 0.185365 0.0441345 0.0127838 0.0208862 0.0456697 0.0120367 0.0171106 0.0228846 0.0195121 0.129756 0.0407803 0.114071 0.0225765 0.041798 0.0414345 0.00996586 0.0197197 0.111219
157 D 3.69103 0.0365407 0.0278338 0.237515 0.0111335 0.031905 0.0994994 0.0139715 0.0121802 0.00719742 0.02836 0.0539806 0.0557433 0.0296893 0.0142509 0.0129735 0.051157 0.0316686 0.135723 0.0148447 0.093833
158 L 1.3668 0.000914871 0.00135052 0.000472683 0.000810314 0.690647 0.000987697 0.00189073 0.000616544 0.000974909 0.0056722 0.00365196 0.000667318 0.00272444 0.00252098 0.0025439 0.001842 0.00199577 0.00112374 0.216111 0.0624815
159 D 3.80583 0.0142743 0.0238446 0.174861 0.109796 0.0321172 0.0388579 0.0441753 0.00659851 0.00950329 0.0211952 0.0291434 0.0620473 0.0171432 0.0519856 0.0851091 0.0201762 0.0485724 0.0145717 0.0349721 0.161056
160 E 2.89112 0.0232237 0.0450893 0.184658 0.0495098 0.0184448 0.037486 0.00724534 0.0084874 0.0204061 0.0194156 0.00802862 0.013608 0.0125972 0.456198 0.0407728 0.0108303 0.00734662 0.0118148 0.0111796 0.0136579
161 E 3.87801 0.10044 0.0620527 0.0900044 0.14479 0.0549202 0.0514808 0.0249637 0.0182618 0.0482632 0.0179195 0.14479 0.0140119 0.0242711 0.05246 0.0323317 0.0124429 0.0140119 0.0114685 0.0723948 0.00872227
162 H 1.9119 0.0160553 0.0206142 0.00496396 0.00537276 0.00312798 0.0789124 0.0570856 0.00937225 0.012974 0.00456684 0.00407754 0.706901 0.0075396 0.00511214 0.0154808 0.0120669 0.00848569 0.0101659 0.00761141 0.00951426
163 Q 3.13009 0.0362668 0.0135495 0.00384132 0.0228834 0.0748878 0.00230424 0.00533172 0.217466 0.0119584 0.138378 0.221713 0.00225368 0.00268372 0.00816957 0.00507911 0.00778055 0.0173756 0.154529 0.00116708 0.0523814
164 G 3.91628 0.0504838 0.102248 0.0413487 0.0271351 0.0201 0.1809 0.0717364 0.00778066 0.016571 0.0170929 0.0238027 0.0452251 0.0232586 0.0775287 0.0332266 0.0443927 0.0301501 0.0856046 0.0904502 0.0109637
165 L 3.81134 0.0109636 0.0681524 0.010371 0.0186615 0.10542 0.00633952 0.0125299 0.0630095 0.00522078 0.0548182 0.0438546 0.0243637 0.0478066 0.0527098 0.0131706 0.0116057 0.088334 0.142408 0.146182 0.0740787
166 A 4.06577 0.106641 0.0335158 0.0630153 0.0519051 0.0190431 0.0220637 0.0533206 0.0335158 0.0719209 0.137004 0.0224508 0.0127333 0.0127333 0.0328127 0.0457034 0.0656658 0.0555993 0.079981 0.0506546 0.0297197
167 P 3.27649 0.0288787 0.0242091 0.00375658 0.00795511 0.00751316 0.0402358 0.0300527 0.108624 0.0138705 0.371814 0.090158 0.00739 0.045079 0.0314837 0.0157314 0.0175732 0.0253403 0.103623 0.00832981 0.0183817
168 A 3.62468 0.0401828 0.00595301 0.00730597 0.0414585 0.0229616 0.0131209 0.0414005 0.0333223 0.0337536 0.0337144 0.0989115 0.00267885 0.00829169 0.0655783 0.023812 0.265589 0.0872541 0.0280978 0.120548 0.0260645
169 E 2.18312 0.00512027 0.0117035 0.655394 0.0819243 0.00744766 0.0151956 0.0094528 0.00993021 0.0296322 0.00956476 0.00264272 0.0175552 0.0112066 0.0242739 0.0120016 0.00603653 0.010538 0.0606106 0.0175552 0.00221417
170 L 3.55002 0.0184615 0.100742 0.0122698 0.015638 0.0841845 0.0184047 0.0177231 0.0151912 0.0209878 0.159508 0.0699594 0.0122698 0.269513 0.0435021 0.0471783 0.017847 0.0140108 0.0150646 0.0199384 0.0276071
171 F 3.74293 0.0195764 0.013968 0.0224703 0.00749009 0.172272 0.0485038 0.028712 0.00883447 0.00993878 0.105363 0.172272 0.0219922 0.0242258 0.043068 0.104057 0.0474372 0.0227529 0.0475677 0.0669947 0.0125036
172 A 3.69431 0.101758 0.00782755 0.0302524 0.223868 0.0296024 0.0283377 0.048292 0.0045734 0.0557247 0.0131988 0.0299289 0.0196951 0.0108354 0.0794985 0.137797 0.0398701 0.0380487 0.0804217 0.0104367 0.0100325
173 R 3.02461 0.0243011 0.0165631 0.00478427 0.15392 0.00351947 0.00558165 0.022068 0.00214121 0.0153097 0.150862 0.362896 0.00318952 0.0120866 0.0953497 0.0510323 0.0253326 0.00792734 0.0178775 0.0113405 0.0139179
174 L 3.76021 0.0188538 0.111409 0.062846 0.0182456 0.0306922 0.0161604 0.0390078 0.0192386 0.0163158 0.188538 0.062846 0.0175969 0.0441886 0.0261052 0.0333869 0.0396922 0.0117836 0.0227546 0.188538 0.0318016
175 K 3.24952 0.00777216 0.0129906 0.0164187 0.0153088 0.0164187 0.0142085 0.0130372 0.120566 0.101038 0.280661 0.0183706 0.0179623 0.0105248 0.0104522 0.0420247 0.00631488 0.0232388 0.225683 0.036085 0.010923
176 A 3.69104 0.185806 0.0109298 0.0145161 0.0185806 0.0289032 0.0428783 0.013378 0.0195096 0.00782341 0.050533 0.0309677 0.111484 0.0227096 0.185806 0.0672549 0.0915644 0.026078 0.0297991 0.0058986 0.0355799
177 R 3.54728 0.0490266 0.079356 0.0126333 0.034174 0.0319428 0.0546343 0.0258303 0.0550972 0.00193215 0.0509396 0.0326625 0.0726472 0.000700053 0.0155333 0.00230018 0.0934528 0.299719 0.00771235 0.0199015 0.0598046
178 M 3.83874 0.00218774 0.0521748 0.0110268 0.0223983 0.133246 0.00984262 0.0591314 0.012879 0.0427603 0.0600371 0.0268779 0.00934884 0.108563 0.0975875 0.0971031 0.00502391 0.0271201 0.0484335 0.0524119 0.121847
179 P 3.78211 0.0144645 0.0162426 0.0195744 0.01388 0.0394014 0.0201136 0.00838903 0.15268 0.0288855 0.0872459 0.0122144 0.013181 0.15268 0.125737 0.0914492 0.0417485 0.074977 0.040936 0.0254467 0.0207527
180 D 3.91035 0.0714633 0.0222569 0.0964464 0.0304567 0.195334 0.0302417 0.0455928 0.0850997 0.0192893 0.0199269 0.0482232 0.00482232 0.046006 0.00927369 0.0672408 0.0360547 0.0447975 0.0278124 0.0192893 0.080372
181 G 3.85262 0.0212486 0.113534 0.0233556 0.0151379 0.0400708 0.136241 0.0230917 0.0184109 0.0236941 0.0263692 0.0201838 0.0184733 0.0199377 0.022039 0.0522945 0.0630368 0.0832241 0.161692 0.0166147 0.10135
182 E 3.83118 0.0819702 0.0515314 0.0181285 0.194234 0.0062656 0.0792791 0.0136304 0.0159644 0.00498035 0.0266074 0.0281498 0.0763061 0.0359692 0.0410575 0.0591146 0.0300925 0.0953511 0.10283 0.0277477 0.0107908
183 D 3.68196 0.0187824 0.031304 0.293475 0.0382794 0.0266796 0.0753167 0.0108695 0.019565 0.0185353 0.0272513 0.0419251 0.00497416 0.0301704 0.0429476 0.108288 0.041554 0.0252661 0.0262032 0.0489126 0.0697004
184 L 3.56137 0.0193415 0.0204467 0.0272622 0.0157282 0.00368409 0.024386 0.0219072 0.00951009 0.0270051 0.204467 0.127792 0.0217518 0.0783586 0.187065 0.104546 0.0215228 0.0164395 0.00340778 0.0282023 0.0371758
185 V 3.62288 0.090464 0.0315279 0.0391236 0.0220458 0.0112233 0.0522317 0.00935278 0.0435264 0.0206911 0.108596 0.0192901 0.0269687 0.0231481 0.0183715 0.0620638 0.0268384 0.0177636 0.308642 0.0385802 0.0295508
186 V 3.80997 0.115553 0.0468635 0.0187454 0.0203075 0.012391 0.0437392 0.0211904 0.0353174 0.0213763 0.0821276 0.0304613 0.0284305 0.0370162 0.0664609 0.0317575 0.0185508 0.0701026 0.24369 0.0423809 0.0135383
187 T 3.68625 0.103558 0.0272803 0.0481007 0.0082074 0.027168 0.00740946 0.0858994 0.0612191 0.020785 0.0180404 0.0251642 0.0797728 0.0159464 0.0104604 0.0286684 0.0802305 0.26674 0.0331698 0.0296378 0.0225414
188 H 3.8011 0.00867252 0.0783096 0.0547194 0.0218878 0.0136191 0.0130793 0.153214 0.024712 0.0127679 0.0424822 0.0255357 0.118103 0.0797555 0.0746429 0.0408572 0.0199092 0.0187262 0.0175102 0.0197696 0.161726
189 G 3.78597 0.0315144 0.118179 0.0572989 0.0236358 0.0142384 0.236358 0.0268588 0.0157572 0.0105048 0.0478516 0.0787859 0.0185379 0.023935 0.00549669 0.0374322 0.0668644 0.0426757 0.0381222 0.0787859 0.0271676
