# POSITION WT SITE_ENTROPY PI_A PI_C PI_D PI_E PI_F PI_G PI_H PI_I PI_K PI_L PI_M PI_N PI_P PI_Q PI_R PI_S PI_T PI_V PI_W PI_Y
1 M 4.08004 0.0368015 0.0296739 0.0385938 0.0426563 0.079625 0.0720417 0.0284375 0.14752 0.0452894 0.0261318 0.0284375 0.0426563 0.0594602 0.0284375 0.0235345 0.0360208 0.0663542 0.01625 0.11375 0.0383288
2 I 3.75745 0.0465068 0.00529346 0.00992524 0.0158804 0.122028 0.00352897 0.0929297 0.0317608 0.163568 0.0120472 0.0952823 0.0357309 0.00308785 0.0555813 0.0230987 0.0226863 0.0608748 0.073146 0.0158804 0.111163
3 E 3.70012 0.00469589 0.0220419 0.0327874 0.0154293 0.23144 0.00893278 0.100557 0.0174419 0.0288014 0.0325731 0.011021 0.057461 0.0353967 0.056808 0.0817755 0.040002 0.0723992 0.00771467 0.0154293 0.127292
4 Q 3.69823 0.010169 0.00508452 0.0203381 0.0474555 0.0299089 0.172874 0.0244057 0.0279648 0.198296 0.094911 0.0406761 0.0554675 0.0649254 0.0203381 0.0225979 0.00852887 0.0128451 0.0940636 0.0406761 0.00847419
5 D 3.70582 0.0200531 0.00592875 0.00757563 0.0442883 0.0248913 0.0677478 0.0151513 0.0538711 0.103353 0.167337 0.00303025 0.1553 0.0535906 0.0359842 0.00892241 0.130728 0.0202919 0.0137739 0.0454538 0.0227269
6 G 3.6183 0.0327394 0.00531484 0.0182223 0.0255112 0.063778 0.0031889 0.000708645 0.111213 0.12095 0.00762563 0.0171403 0.0885806 0.147834 0.0031889 0.0066231 0.118569 0.0774903 0.00956671 0.110549 0.0312057
7 L 3.55693 0.0392541 0.28275 0.00363464 0.147203 0.0174463 0.0981353 0.0436157 0.0109039 0.063441 0.0436157 0.0327118 0.0237904 0.0290771 0.0436157 0.036774 0.0436157 0.00918225 0.0145386 0.00838763 0.00830775
8 H 3.32917 0.0106244 0.0204899 0.0318732 0.164678 0.00398415 0.0395228 0.0318732 0.0119525 0.0159366 0.0924324 0.053122 0.00398415 0.27186 0.00682998 0.0309879 0.013783 0.00335508 0.0269697 0.00637465 0.159366
9 A 3.93111 0.0516245 0.0516245 0.00737493 0.02469 0.0193592 0.0516245 0.0238267 0.100532 0.108412 0.108544 0.0309747 0.0630967 0.133754 0.00860409 0.0580776 0.032605 0.00825993 0.0774368 0.0258123 0.0137665
10 G 3.99778 0.0293745 0.0734362 0.0704988 0.0534082 0.0469992 0.117498 0.019583 0.039166 0.0117498 0.0307733 0.019583 0.00559514 0.0283616 0.0427265 0.0277242 0.0293745 0.0664119 0.154216 0.058749 0.0747714
11 S 3.43939 0.00249929 0.174117 0.0111388 0.0180901 0.0658215 0.00354784 0.0266452 0.0689213 0.00125625 0.0873688 0.0738678 0.00329767 0.0305513 0.0476416 0.152712 0.00263813 0.0123699 0.0271931 0.00113063 0.189192
12 P 3.96234 0.0695572 0.0387915 0.0365097 0.00969788 0.0290936 0.0387915 0.0155166 0.0387915 0.0273823 0.0438513 0.155166 0.0273823 0.155166 0.028212 0.0367499 0.042318 0.103444 0.028212 0.0310332 0.0443332
13 A 3.92391 0.0449921 0.021312 0.0964116 0.0299947 0.00856992 0.0216629 0.0368117 0.0235673 0.118104 0.128054 0.00899842 0.0134976 0.0022496 0.0312988 0.0764865 0.0639887 0.0707018 0.0383266 0.0899842 0.0749868
14 A 3.84929 0.0671718 0.0149271 0.0111953 0.0587754 0.0111953 0.0335859 0.0410495 0.016793 0.0537375 0.00719698 0.0671718 0.0383839 0.107475 0.016793 0.0587754 0.11813 0.0671718 0.179125 0.0223906 0.00895624
15 W 3.73282 0.0205586 0.0925139 0.0336414 0.0740111 0.00822346 0.205586 0.0246704 0.014512 0.0246704 0.0919093 0.0328938 0.0205586 0.00747587 0.0205586 0.102793 0.0485932 0.0058739 0.032652 0.123352 0.0149517
16 V 3.66074 0.0559292 0.0245304 0.0109024 0.041395 0.00545119 0.0705248 0.0367955 0.00334505 0.246285 0.0490607 0.00817679 0.0613259 0.00467245 0.0171713 0.15079 0.0610114 0.0436095 0.0245304 0.0354328 0.0490607
17 E 3.95818 0.0131393 0.0153292 0.103472 0.0919752 0.0204389 0.0490534 0.0459876 0.0378721 0.0574845 0.0204389 0.0102195 0.018395 0.0862267 0.0873764 0.0501683 0.114969 0.0248187 0.0245267 0.114969 0.0131393
18 R 3.14406 0.0108298 0.0148523 0.0519831 0.155949 0.0173277 0.0359883 0.0479844 0.0242588 0.409367 0.0173277 0.0115518 0.0324894 0.0379876 0.00799739 0.0519831 0.0392003 0.0057759 0.00519831 0.0103966 0.0115518
19 L 3.96564 0.0168545 0.0321767 0.0307777 0.0252817 0.0643534 0.0117981 0.0589906 0.026218 0.0181509 0.117981 0.141577 0.0235962 0.0235962 0.0294953 0.0770489 0.0294953 0.0393271 0.0858045 0.0294953 0.117981
20 F 3.7554 0.0506609 0.0631617 0.0491257 0.135848 0.0245629 0.00955223 0.0382089 0.0163752 0.170495 0.0245629 0.0223299 0.00614072 0.0491257 0.0382089 0.17194 0.0139411 0.0617221 0.0245629 0.0122814 0.017194
21 G 4.05329 0.0507631 0.123282 0.041094 0.041094 0.0821879 0.123282 0.0217556 0.0220146 0.0224149 0.0308205 0.0462307 0.0713737 0.034245 0.0246564 0.041094 0.0797706 0.0194656 0.0821879 0.0176117 0.0246564
22 Y 3.75367 0.021883 0.0595703 0.0191476 0.0382952 0.0335083 0.0403107 0.229771 0.021883 0.0278511 0.0806215 0.0164122 0.0225266 0.0255301 0.021883 0.0133201 0.0909511 0.0306362 0.0417766 0.0109415 0.153181
23 D 3.91146 0.0200177 0.0285014 0.0920815 0.0167421 0.0283328 0.0218088 0.107428 0.153469 0.0552489 0.022586 0.0306938 0.0581567 0.0552489 0.0230204 0.0505545 0.0184163 0.141664 0.00952567 0.0204625 0.0460407
24 W 3.88277 0.00911021 0.163984 0.0409959 0.0375796 0.0601274 0.0876858 0.0300637 0.0375796 0.0093949 0.094645 0.0300637 0.0409959 0.0145469 0.0601274 0.03047 0.0484898 0.0136653 0.024051 0.150318 0.0161056
25 A 3.90987 0.0572669 0.00818098 0.0522871 0.0680044 0.019089 0.021816 0.0458135 0.108171 0.0338395 0.0180285 0.0572669 0.0152712 0.0134746 0.091627 0.0229067 0.0527754 0.0477224 0.192012 0.0572669 0.0171801
26 Q 3.81967 0.0203447 0.0279739 0.0117785 0.0279739 0.030517 0.0279739 0.186493 0.0402824 0.0279739 0.151059 0.0176677 0.0186493 0.0372985 0.111896 0.0860736 0.0267576 0.0231508 0.0167843 0.0813786 0.0279739
27 Q 3.24736 0.00798652 0.0471704 0.00898484 0.0462077 0.0053909 0.0205368 0.0970362 0.361712 0.0188682 0.00462077 0.0269545 0.0269545 0.0149747 0.053909 0.0163652 0.0126021 0.0288798 0.163109 0.0269545 0.0107818
28 T 3.96493 0.132869 0.0233228 0.0310971 0.0133273 0.0349842 0.00888489 0.0932913 0.0223899 0.00666367 0.0439018 0.0466457 0.0388714 0.0291535 0.0932913 0.0995108 0.0279874 0.0932913 0.0233228 0.0932913 0.0439018
29 I 3.9261 0.0271012 0.0225844 0.0752812 0.0246375 0.049275 0.0304889 0.0150562 0.135506 0.0246375 0.100157 0.0169383 0.0112922 0.029037 0.116148 0.0208471 0.0588382 0.0406519 0.0451687 0.135506 0.0208471
30 G 3.90007 0.0423752 0.100641 0.00394671 0.067094 0.0350056 0.201282 0.0503205 0.0251603 0.0365967 0.0266403 0.0236802 0.0402564 0.0268376 0.0503205 0.0737089 0.0795766 0.00805128 0.0704487 0.0143773 0.0236802
31 C 1.39967 0.000977863 0.00733397 0.000733397 0.000733397 0.00366699 0.00293359 0.00195573 0.00275024 0.685248 0.019014 0.00162977 0.0019014 0.00282076 0.240646 0.0165538 0.00397257 0.00117344 0.00141948 0.00183349 0.00270199
32 S 4.02276 0.0311506 0.0384615 0.0428321 0.0205594 0.0171328 0.0799533 0.0342657 0.076146 0.0571095 0.0305944 0.0114219 0.0856642 0.016317 0.0259589 0.0678175 0.171328 0.0595925 0.0571095 0.048951 0.0276336
33 D 3.18774 0.0276343 0.0132414 0.0302661 0.0171069 0.00275147 0.164683 0.0033629 0.00302661 0.0201774 0.0411309 0.00698449 0.0134516 0.137879 0.00756653 0.0365716 0.286638 0.154694 0.0133869 0.00698449 0.0124625
34 A 3.94001 0.116873 0.0129858 0.0389575 0.0719216 0.0584363 0.00649292 0.0318743 0.0292182 0.0206246 0.0140247 0.0089902 0.0259717 0.0649292 0.11038 0.0821267 0.0967222 0.0224755 0.046749 0.116873 0.0233745
35 A 3.55991 0.0410318 0.0461608 0.00696766 0.0410318 0.0410318 0.015045 0.0123095 0.0592681 0.00911818 0.0196953 0.0205159 0.0484921 0.0186508 0.0697541 0.0294359 0.0837049 0.341932 0.0291782 0.0410318 0.0256449
36 V 3.76543 0.0741603 0.0787953 0.0463502 0.157591 0.00583669 0.139407 0.0189109 0.0175101 0.0350202 0.0630363 0.0328314 0.00562824 0.0196988 0.0315181 0.0340737 0.0101671 0.0127776 0.157591 0.0393977 0.0196988
37 F 3.7541 0.0231104 0.0250363 0.0409685 0.0300436 0.225327 0.036343 0.0107299 0.0150218 0.0225327 0.0463908 0.112663 0.0204843 0.0308667 0.0225327 0.0143065 0.0346657 0.0173328 0.0650944 0.0563317 0.150218
38 R 3.73699 0.0320831 0.0491273 0.0421091 0.0306248 0.0120312 0.0464652 0.0105273 0.0336873 0.202124 0.0153124 0.0153124 0.0140364 0.0732332 0.0240623 0.168436 0.0906965 0.0124768 0.011045 0.0842182 0.0323916
39 L 3.60443 0.0397166 0.0132389 0.0144424 0.024441 0.0907809 0.200674 0.0167228 0.0158867 0.0186902 0.158867 0.158867 0.024441 0.0186902 0.0158867 0.0056738 0.035608 0.0109563 0.0172681 0.0397166 0.0794333
40 S 3.4994 0.0216772 0.00816822 0.0117418 0.0117418 0.0386789 0.0197757 0.051237 0.062623 0.00722573 0.011386 0.0268384 0.0191703 0.0234836 0.0794831 0.0447307 0.0939345 0.326299 0.0361287 0.0939345 0.0117418
41 A 3.5359 0.0843176 0.290427 0.0632382 0.0562117 0.0120454 0.0108099 0.0148796 0.00903403 0.0393482 0.00648597 0.0210794 0.116747 0.00887553 0.0536566 0.0184445 0.0468431 0.0936862 0.0187372 0.00702646 0.0281059
42 Q 3.92093 0.0467287 0.06597 0.076965 0.06597 0.0164925 0.0123694 0.0405969 0.0188486 0.0599727 0.0364571 0.01466 0.00733 0.0843802 0.06597 0.0911938 0.122841 0.13194 0.02199 0.0119945 0.00733
43 G 2.37874 0.0104157 0.0138876 0.0416629 0.00531867 0.0218234 0.0416629 0.0196061 0.00694382 0.00833258 0.0124989 0.00520786 0.0791595 0.00416629 0.00694382 0.0257913 0.618992 0.0444404 0.0196061 0.00833258 0.00520786
44 R 3.55767 0.0255331 0.0148943 0.0127665 0.00558536 0.0223414 0.0777813 0.0148943 0.0231689 0.154359 0.0462237 0.268097 0.0223414 0.0428956 0.0271983 0.0893658 0.0135403 0.00992953 0.0148943 0.0893658 0.0248238
45 P 3.98808 0.0377167 0.0275018 0.0507725 0.056451 0.0117865 0.0220014 0.0721922 0.0147331 0.170904 0.0392883 0.0206263 0.0481281 0.0825054 0.0990064 0.0634657 0.0280207 0.0275018 0.0242663 0.0206263 0.0825054
46 V 3.36334 0.142477 0.0787375 0.024996 0.033328 0.00592011 0.0839866 0.0037494 0.00937351 0.012498 0.0184586 0.0140603 0.04166 0.0597561 0.00937351 0.00952229 0.0495457 0.333818 0.037494 0.012498 0.018747
47 L 3.88512 0.0046449 0.0731572 0.0250825 0.0128628 0.109334 0.0209021 0.118445 0.00597202 0.0616061 0.0836082 0.10451 0.0278694 0.0418041 0.0250825 0.0401319 0.0136503 0.017916 0.0352035 0.0418041 0.136413
48 F 3.9196 0.0241716 0.101521 0.0282002 0.0362574 0.169201 0.0325387 0.0147132 0.0211502 0.0169201 0.12836 0.0282002 0.0241716 0.0411571 0.052062 0.0211502 0.0628462 0.0130155 0.0966865 0.0338403 0.0538368
49 V 3.87515 0.0552184 0.0317044 0.0669314 0.0669314 0.018254 0.0717122 0.100397 0.0430273 0.0200794 0.0892419 0.0602383 0.0354343 0.0125496 0.00608467 0.0188245 0.0207718 0.0148736 0.200794 0.0501986 0.0167329
50 K 3.98626 0.0314746 0.0577035 0.0399486 0.0728887 0.0273332 0.0346221 0.0192345 0.0732391 0.173111 0.0155024 0.0346221 0.0712808 0.038469 0.0329734 0.100981 0.0502579 0.0324582 0.0105986 0.0741902 0.00911108
51 T 3.65852 0.0220997 0.0805719 0.0483431 0.0483431 0.016815 0.00508875 0.0161144 0.0483431 0.0074374 0.0165074 0.0966862 0.217544 0.0341246 0.0483431 0.00929675 0.0246455 0.0966862 0.0128915 0.145029 0.00508875
52 D 3.19718 0.318334 0.0928475 0.0176852 0.0802638 0.00353705 0.00530557 0.00353705 0.0795836 0.00221065 0.0155416 0.00252646 0.0157202 0.00482325 0.0429499 0.00241162 0.130549 0.11817 0.0277911 0.00589508 0.0303175
53 L 3.60182 0.0501957 0.00983 0.00346941 0.02949 0.0252771 0.0127212 0.03932 0.00582519 0.15728 0.01966 0.0131067 0.017694 0.0124168 0.02949 0.0886986 0.0385336 0.0297709 0.0716186 0.23592 0.109682
54 S 3.88968 0.0335556 0.0553668 0.0553668 0.17401 0.0221467 0.0214323 0.124575 0.0692085 0.0302001 0.0170359 0.0553668 0.0415251 0.0201334 0.0048145 0.0722175 0.110734 0.0209496 0.0221467 0.0369112 0.0123037
55 G 4.0405 0.0257851 0.0644628 0.0401102 0.0196191 0.0492262 0.090248 0.153029 0.0200551 0.045124 0.0838017 0.090248 0.0541488 0.0056405 0.0421157 0.0368359 0.0360992 0.0208265 0.0499244 0.022562 0.0501378
56 A 3.94034 0.100117 0.0154026 0.12014 0.11832 0.0143024 0.0250292 0.0907309 0.0154026 0.0667445 0.0062573 0.0200234 0.0208577 0.065791 0.0889927 0.0166861 0.0591599 0.0308052 0.0179697 0.0500584 0.0572096
57 L 3.92532 0.0386385 0.0275989 0.0214658 0.0321988 0.0321988 0.0254201 0.0386385 0.0214658 0.0321988 0.193193 0.0743048 0.0643975 0.111232 0.0297219 0.053128 0.018275 0.00715528 0.0227285 0.0965963 0.0594439
58 N 3.97829 0.0486783 0.0775811 0.129302 0.0387905 0.103441 0.0314822 0.015212 0.120682 0.0310324 0.0344805 0.0089949 0.103441 0.0248259 0.0272214 0.0561904 0.0581858 0.0232215 0.0155162 0.0258604 0.0258604
59 E 4.0101 0.0743484 0.0389444 0.0808845 0.116833 0.0584166 0.0545221 0.0233666 0.0129815 0.116833 0.0186933 0.116833 0.0389444 0.0122982 0.0445079 0.00687254 0.0318636 0.0311555 0.0389444 0.0389444 0.0438124
60 L 3.91967 0.0264643 0.00735119 0.0551339 0.0367559 0.0220536 0.00848214 0.0945152 0.0501217 0.0169643 0.110268 0.159276 0.018378 0.0344587 0.0220536 0.0691231 0.0339285 0.0508928 0.018378 0.110268 0.0551339
61 Q 2.86875 0.0283367 0.00601082 0.076638 0.0811461 0.00400722 0.00569446 0.468844 0.0150271 0.0180325 0.00858689 0.0360649 0.0120216 0.00901623 0.0360649 0.0125443 0.00901623 0.0120216 0.0196718 0.00901623 0.132238
62 D 3.69383 0.0285305 0.0652126 0.0978189 0.261809 0.0244547 0.00752453 0.0489094 0.00514836 0.0978189 0.0171183 0.0326063 0.0102967 0.013586 0.0326063 0.031725 0.0308902 0.0326063 0.0355705 0.0978189 0.0279483
63 E 4.06575 0.108798 0.0160686 0.0696306 0.104446 0.0261115 0.0487414 0.0174076 0.0284852 0.0870382 0.0737265 0.104446 0.0298417 0.0198944 0.0522229 0.0379803 0.0580255 0.0170028 0.0368632 0.0391672 0.0241029
64 A 3.97215 0.134365 0.100774 0.03839 0.0895767 0.0206715 0.0408937 0.0671825 0.0544723 0.0223942 0.0237115 0.0149295 0.0298589 0.0322476 0.0134365 0.0251934 0.116043 0.0447884 0.0895767 0.0335913 0.00790383
65 A 2.9274 0.0919757 0.0404693 0.00613172 0.0172455 0.0131394 0.0104518 0.0183951 0.00399895 0.0229939 0.00811551 0.0919757 0.0170325 0.0306586 0.00958081 0.009755 0.0284289 0.00510976 0.467237 0.0919757 0.0153293
66 R 3.98706 0.0197693 0.0600987 0.0751234 0.0278235 0.0250411 0.0826357 0.0273176 0.0536595 0.0166941 0.0300493 0.0546352 0.128783 0.068294 0.0159837 0.150247 0.0630067 0.0144468 0.0300493 0.0375617 0.0187808
67 L 3.87155 0.0330969 0.191489 0.0106383 0.0116054 0.0127659 0.058027 0.0729482 0.0198092 0.0182371 0.127659 0.0283687 0.0265957 0.0510637 0.0212766 0.0851062 0.037825 0.0702126 0.0510637 0.058027 0.0141844
68 S 3.75876 0.0747662 0.0110917 0.0129403 0.0776418 0.155284 0.0477796 0.0194104 0.0286049 0.0258806 0.0076369 0.0194104 0.0485261 0.020432 0.139755 0.158981 0.0776418 0.0172537 0.0228358 0.0119449 0.0221834
69 W 3.67504 0.0497479 0.12437 0.0138189 0.0130916 0.0113063 0.0414566 0.024874 0.0414566 0.00829132 0.0526991 0.0207283 0.0118447 0.0276377 0.0621849 0.024183 0.0488596 0.00888356 0.0414566 0.12437 0.24874
70 L 4.022 0.0142864 0.0493221 0.0394576 0.0276204 0.0125547 0.030315 0.0591865 0.00690509 0.0243709 0.138102 0.0654166 0.0324945 0.0345254 0.0552407 0.0522547 0.0402797 0.0731127 0.0604195 0.138102 0.0460339
71 A 3.86568 0.106128 0.0682251 0.035376 0.106128 0.159192 0.0707519 0.013266 0.0212256 0.023584 0.0135482 0.013266 0.0297158 0.0729629 0.0212256 0.047168 0.115356 0.0212256 0.0212256 0.035376 0.00505371
72 T 3.77331 0.0587086 0.115583 0.0192638 0.10274 0.0231165 0.0128425 0.0469031 0.04203 0.0192638 0.01401 0.0123288 0.0162221 0.0748535 0.0128425 0.0165965 0.0747201 0.15411 0.012632 0.15411 0.0171233
73 T 3.76438 0.0804411 0.179269 0.0186738 0.0442639 0.0149391 0.00853661 0.0213415 0.0348578 0.00853661 0.0119512 0.0995937 0.0497969 0.0414974 0.0746953 0.00574579 0.00807517 0.149391 0.0239025 0.0497969 0.0746953
74 G 3.7914 0.124459 0.146684 0.0217309 0.0177798 0.0289746 0.195578 0.00931325 0.0391156 0.0733418 0.0122236 0.0217309 0.0434618 0.0177798 0.0162982 0.0437862 0.0203727 0.0451334 0.0325964 0.0651927 0.0244473
75 V 3.61926 0.11587 0.0560251 0.0140063 0.0204258 0.24511 0.018675 0.00919162 0.0442779 0.0150837 0.130725 0.0163407 0.024511 0.00817033 0.0678766 0.0170511 0.0163407 0.0377092 0.098044 0.00891309 0.0356524
76 P 3.68466 0.0117164 0.0195274 0.0253856 0.00746634 0.0141031 0.0253856 0.0761567 0.0126928 0.0271988 0.0530789 0.0423093 0.0181325 0.126928 0.215777 0.0793299 0.133119 0.0670904 0.0200412 0.0133608 0.0111995
77 C 3.71344 0.00900562 0.157598 0.0787991 0.0787991 0.0315197 0.00927049 0.0363688 0.0370819 0.0157598 0.00606147 0.157598 0.0630393 0.022514 0.0196998 0.011257 0.0157598 0.0484918 0.0262664 0.157598 0.0175109
78 A 3.9378 0.148759 0.0446276 0.0247931 0.0517422 0.0185948 0.0335907 0.00875051 0.0330575 0.0371897 0.0388066 0.0991725 0.0148759 0.00479867 0.0690666 0.0588837 0.0323389 0.05667 0.0457719 0.148759 0.0297517
79 A 3.08238 0.03128 0.00391 0.0130333 0.0201086 0.006256 0.044574 0.02737 0.211453 0.32844 0.00391 0.003128 0.0433108 0.01564 0.0192492 0.147869 0.0224825 0.0383891 0.00552 0.006256 0.00782
80 V 3.6911 0.0621099 0.0414066 0.0414066 0.0191107 0.24844 0.037806 0.0130758 0.0443642 0.0310549 0.12422 0.0310549 0.0465824 0.0162026 0.0103516 0.0496879 0.00564635 0.0146141 0.12422 0.024844 0.0138022
81 L 4.08185 0.035823 0.071646 0.0390796 0.0735314 0.00511757 0.0343901 0.00976991 0.0967221 0.0420531 0.107469 0.071646 0.047764 0.0492566 0.107469 0.0372008 0.0281466 0.0282813 0.0537345 0.0286584 0.0322407
82 D 3.51865 0.0146259 0.0536283 0.160885 0.0229836 0.0146259 0.0306448 0.0357522 0.0247515 0.0229836 0.00656674 0.0536283 0.0459671 0.0357522 0.0178761 0.0286018 0.022191 0.0155695 0.0443821 0.0268142 0.32177
83 V 2.88148 0.0733229 0.00862623 0.0115016 0.0377397 0.517574 0.0351067 0.0113503 0.0127796 0.0129393 0.0431311 0.0431311 0.0161742 0.00479235 0.0196051 0.04479 0.026957 0.0201279 0.0431311 0.00253713 0.0146829
84 V 4.08331 0.108637 0.0724247 0.0131681 0.0465588 0.0362124 0.0475287 0.0395044 0.0325911 0.0362124 0.0447329 0.0543185 0.0543185 0.0155196 0.108637 0.0475287 0.0368956 0.0659582 0.108637 0.0197522 0.0108637
85 T 3.98775 0.0734379 0.0275392 0.0895025 0.0282639 0.0406829 0.0198894 0.0488195 0.0380862 0.0626517 0.0167817 0.00994472 0.0688481 0.0244098 0.0767164 0.0214806 0.074071 0.179005 0.0493807 0.0298342 0.0206544
86 E 4.07934 0.0883228 0.0494114 0.091764 0.12847 0.0642348 0.0142744 0.0963522 0.0428232 0.0160587 0.045077 0.0642348 0.0428232 0.0197645 0.0321174 0.0525557 0.0171293 0.0321174 0.0275292 0.0428232 0.0321174
87 A 4.00297 0.12803 0.0189674 0.0320074 0.0768178 0.0320074 0.0896208 0.0426766 0.01829 0.0723646 0.0269536 0.12803 0.0349172 0.037342 0.01829 0.0235844 0.103808 0.0352082 0.0170706 0.0320074 0.0320074
88 G 3.97194 0.0587009 0.101096 0.121315 0.0510801 0.0519923 0.121315 0.0485261 0.0210983 0.00866538 0.019155 0.0303288 0.0263729 0.0323507 0.0909865 0.0893902 0.0394275 0.0110287 0.0485261 0.0134795 0.0151644
89 R 3.83608 0.0359291 0.0455102 0.0117026 0.0136531 0.0585131 0.0975218 0.053425 0.0273061 0.0113775 0.0546122 0.0273061 0.0170663 0.0398214 0.0195044 0.136531 0.0588494 0.0210047 0.0143716 0.204796 0.051199
90 D 3.97464 0.0729225 0.042133 0.157999 0.0315998 0.0287271 0.0618256 0.0175554 0.00405125 0.0143635 0.0258544 0.0658328 0.105333 0.0332629 0.0631995 0.0216861 0.048615 0.0526663 0.00831573 0.0789994 0.0650583
91 W 4.01298 0.0227547 0.0387865 0.0243801 0.0511981 0.0341321 0.0808391 0.0213326 0.0262554 0.0284434 0.0698156 0.0341321 0.0853302 0.0243801 0.0975202 0.0597311 0.0477849 0.0106663 0.0269464 0.17066 0.0449106
92 L 3.83147 0.0127725 0.0394445 0.0223519 0.0536445 0.0894075 0.0406398 0.0243839 0.0335278 0.00957938 0.134111 0.201167 0.0206325 0.0447038 0.0894075 0.0466474 0.0149013 0.00865234 0.0586737 0.0365758 0.0187756
93 L 3.96434 0.0217065 0.0602958 0.0602958 0.0401972 0.0401972 0.0285612 0.0180887 0.0516821 0.0164443 0.180887 0.0602958 0.0113055 0.0602958 0.0106404 0.072355 0.0482367 0.0339164 0.0278288 0.120592 0.0361775
94 L 3.73908 0.0124281 0.0108746 0.0056127 0.0869969 0.0676643 0.0217492 0.0248563 0.0173994 0.0193326 0.173994 0.173994 0.0347988 0.0133841 0.0434985 0.093689 0.0237264 0.0927967 0.0223069 0.0434985 0.0173994
95 G 3.87353 0.0259784 0.107161 0.0425102 0.0389677 0.0207827 0.155871 0.017319 0.155871 0.0779353 0.0389677 0.0124696 0.0519569 0.0479602 0.0222672 0.0562866 0.0155871 0.0111336 0.0674035 0.0179851 0.0155871
96 E 3.85998 0.0298622 0.0238897 0.0597243 0.179173 0.0350556 0.106177 0.0398162 0.00943016 0.0170641 0.0501684 0.0447932 0.0597243 0.00853205 0.152297 0.0105396 0.0215008 0.0537519 0.0370703 0.0358346 0.0255961
97 V 3.98517 0.0209427 0.0251312 0.0553615 0.10611 0.0132637 0.0353699 0.0265274 0.0489737 0.0795822 0.0707398 0.0122434 0.0144695 0.0159164 0.0795822 0.057878 0.0227378 0.0454756 0.159164 0.0397911 0.0707398
98 P 3.93215 0.0225463 0.0423318 0.0246936 0.0134692 0.0370403 0.0263398 0.0185202 0.0269384 0.0211659 0.0476233 0.0246936 0.00871538 0.148161 0.0740807 0.100538 0.0487106 0.131699 0.0246936 0.0592646 0.0987743
99 G 3.84303 0.0463265 0.151614 0.0741224 0.0213815 0.0416939 0.13898 0.0231633 0.0181278 0.0463265 0.0237282 0.13898 0.0231633 0.0092653 0.0198542 0.0308843 0.0436793 0.0219441 0.092653 0.00631725 0.0277959
100 Q 3.89659 0.0432873 0.0735884 0.00639899 0.110383 0.0367942 0.00919855 0.117741 0.0147177 0.0294354 0.081201 0.0735884 0.0245295 0.082787 0.147177 0.0226426 0.0214633 0.046829 0.0189906 0.0147177 0.0245295
101 D 3.54015 0.0301129 0.0223058 0.100376 0.0136877 0.00836468 0.0334587 0.301129 0.00716973 0.00401505 0.0282308 0.082126 0.0860367 0.0139411 0.0531403 0.0053773 0.0401505 0.0108515 0.0716973 0.0376411 0.0501881
102 L 3.84299 0.0802263 0.0311991 0.0449267 0.0116997 0.0100283 0.033695 0.0233993 0.0311991 0.035099 0.140396 0.0467987 0.0107997 0.140396 0.0467987 0.0912574 0.00638164 0.0191449 0.0210594 0.140396 0.035099
103 L 3.91816 0.00888051 0.0444026 0.0296017 0.0888051 0.0222013 0.00986723 0.0136623 0.0532831 0.0222013 0.17761 0.0888051 0.0253729 0.0532831 0.0444026 0.0373916 0.0296017 0.00888051 0.0740043 0.0888051 0.0789379
104 S 3.85625 0.0141061 0.0153885 0.0423183 0.0211592 0.0225698 0.0623638 0.0241819 0.0497863 0.0615539 0.030777 0.0188081 0.0149359 0.0203128 0.071273 0.125388 0.169273 0.145091 0.0455736 0.0169273 0.0282122
105 S 4.07508 0.0268585 0.0613909 0.0613909 0.0318323 0.00651116 0.0795808 0.0716228 0.0572982 0.0477485 0.0621631 0.0477485 0.0286491 0.0220378 0.0716228 0.050829 0.143246 0.0252786 0.0138625 0.0229193 0.0674096
106 H 3.96062 0.0289209 0.0211709 0.051415 0.137107 0.020566 0.0342766 0.10283 0.0160672 0.0362929 0.0190426 0.030849 0.107301 0.0636566 0.0781507 0.0342766 0.114928 0.0394181 0.01469 0.00790999 0.041132
107 L 3.65249 0.0180274 0.0766163 0.0235742 0.0255388 0.0306465 0.00766163 0.0510775 0.0170258 0.0218904 0.153233 0.229849 0.0510775 0.106084 0.0766163 0.00403244 0.0191541 0.0191541 0.0415005 0.020431 0.00681033
108 A 3.2739 0.0837949 0.0209487 0.00418974 0.0837949 0.0228531 0.0997558 0.00837949 0.00931054 0.016759 0.00465527 0.0119707 0.00644576 0.144313 0.016759 0.00761772 0.0452945 0.33518 0.0396923 0.0209487 0.0173369
109 P 3.99013 0.0524668 0.0113005 0.0459085 0.0293814 0.0367268 0.0293814 0.0419735 0.01574 0.0339016 0.0578725 0.0293814 0.146907 0.146907 0.0467432 0.032646 0.0293814 0.0927834 0.0705154 0.0367268 0.0133552
110 A 3.86306 0.155401 0.032716 0.0518004 0.0996161 0.0222002 0.00740005 0.0233102 0.0222002 0.0777005 0.0207201 0.0518004 0.0222002 0.0388503 0.0423821 0.0231448 0.0834561 0.0495961 0.155401 0.0141274 0.00597696
111 E 4.02876 0.0700833 0.0700833 0.0373777 0.140167 0.0140167 0.0350416 0.0175208 0.0365652 0.0600714 0.121478 0.0382272 0.0280333 0.0222992 0.0431282 0.0506157 0.0136748 0.0545092 0.03364 0.0934444 0.0200238
112 K 3.95076 0.0446979 0.0309447 0.0223489 0.123779 0.0191562 0.0419042 0.031759 0.0502851 0.20114 0.0349809 0.0223489 0.0402281 0.0321825 0.0402281 0.0372482 0.0329139 0.0414112 0.031759 0.10057 0.020114
113 V 3.82448 0.064804 0.0842452 0.0153173 0.101094 0.0280817 0.0153173 0.0459519 0.0269585 0.0163055 0.0217407 0.0748846 0.0266037 0.0240701 0.022976 0.021977 0.0269585 0.16849 0.16849 0.0336981 0.012035
114 S 3.43034 0.211444 0.275104 0.050019 0.0250095 0.0125047 0.0436063 0.033346 0.0200076 0.0222307 0.0359511 0.016673 0.100038 0.0112543 0.0285823 0.0254334 0.050019 0.00277883 0.0208412 0.00833649 0.00682077
115 I 3.45955 0.0182984 0.00914918 0.0190939 0.0112605 0.022521 0.00975912 0.0292774 0.146387 0.0548951 0.0125474 0.292774 0.0121989 0.021958 0.0266158 0.010213 0.0330551 0.146387 0.0532316 0.0365967 0.0337816
116 M 3.51185 0.00945155 0.0708866 0.0373087 0.0109056 0.0283546 0.00746175 0.0405066 0.0378062 0.0101267 0.0135022 0.141773 0.00787629 0.00686 0.0141773 0.101649 0.0265825 0.0708866 0.0567093 0.283546 0.0236289
117 A 3.84025 0.14868 0.03717 0.0193931 0.120803 0.018585 0.054516 0.00646435 0.016992 0.029736 0.01593 0.14868 0.0270327 0.00803676 0.0413 0.0408141 0.0624456 0.007434 0.0473073 0.0892081 0.059472
118 D 3.57119 0.0517031 0.0076034 0.129258 0.228687 0.0132572 0.0076034 0.172344 0.0276981 0.0103406 0.0161572 0.0397716 0.0178287 0.00833921 0.0155109 0.0153357 0.0282751 0.0250176 0.0775547 0.0430859 0.0646289
119 A 3.83481 0.138092 0.138092 0.0690462 0.0436081 0.0276185 0.0230154 0.0115077 0.0106225 0.0334769 0.0213946 0.138092 0.0172615 0.0368246 0.0690462 0.0110474 0.0529354 0.0125538 0.0920616 0.0460308 0.0076718
120 M 3.70716 0.0264172 0.0387452 0.0145295 0.0211337 0.0516603 0.0209605 0.0581178 0.0774904 0.0348707 0.275644 0.116236 0.0129151 0.0122353 0.0332102 0.059879 0.0136748 0.0519351 0.0154981 0.0464942 0.018353
121 R 3.87132 0.0181292 0.0352513 0.0951785 0.0396577 0.00846031 0.022264 0.0211508 0.0225008 0.0705026 0.0576839 0.0352513 0.0264385 0.0727058 0.0528769 0.105754 0.0423015 0.0315406 0.0132192 0.211508 0.0176256
122 R 2.99862 0.054652 0.0182173 0.04204 0.00528039 0.0303622 0.0108993 0.0121449 0.0242898 0.0364347 0.502664 0.0303622 0.0140133 0.0250042 0.0202415 0.0607245 0.0225268 0.0192541 0.0121449 0.0455433 0.013201
123 L 4.01208 0.0197952 0.0258437 0.0310125 0.0344583 0.0553795 0.00861458 0.0465187 0.0364853 0.0775312 0.155062 0.0357836 0.0443036 0.0916278 0.0364853 0.106605 0.0217087 0.0177214 0.0861458 0.0387656 0.030151
124 H 4.07091 0.0469191 0.0211136 0.105568 0.0410542 0.0150811 0.0275394 0.105568 0.0105568 0.026392 0.0294608 0.105568 0.0722306 0.0715137 0.0703786 0.0640948 0.0417361 0.0603245 0.0195496 0.0301622 0.0351893
125 T 4.07563 0.079411 0.0244341 0.047123 0.0366512 0.0366512 0.0366512 0.0289352 0.0855195 0.0191224 0.0165968 0.0549768 0.125661 0.057013 0.0314153 0.0646786 0.0744847 0.109954 0.0258714 0.0274884 0.0173611
126 L 3.79571 0.0190953 0.0159127 0.0397818 0.0198909 0.015155 0.0113662 0.0477382 0.0176808 0.0318255 0.159127 0.159127 0.0265212 0.042842 0.0265212 0.0307988 0.0340987 0.0183608 0.0795637 0.159127 0.045465
127 D 3.85345 0.0320056 0.0426741 0.106685 0.0385253 0.0355618 0.0320056 0.029096 0.0123098 0.0193973 0.0258631 0.0533427 0.0533427 0.00508026 0.0775894 0.0497865 0.240042 0.0355618 0.0177809 0.0533427 0.040007
128 P 3.8573 0.0185182 0.0524682 0.012108 0.118053 0.0262341 0.0314809 0.0181621 0.14866 0.0262341 0.0229548 0.0349788 0.028619 0.157404 0.0787022 0.0370363 0.0249848 0.0112432 0.0104936 0.0629618 0.0787022
129 A 3.98065 0.108495 0.0542476 0.0135619 0.0394528 0.0309986 0.00542476 0.0333831 0.0147948 0.0619973 0.0406857 0.0650971 0.0542476 0.0325486 0.0399719 0.0542476 0.158868 0.0255283 0.0424546 0.108495 0.0154993
130 T 3.85701 0.0360494 0.022071 0.0463492 0.0514991 0.0280904 0.0262974 0.0308995 0.0154497 0.0154497 0.102026 0.0257495 0.115873 0.00280904 0.0331066 0.0335864 0.0561808 0.154497 0.0237688 0.154497 0.0257495
131 C 3.83984 0.0198939 0.119363 0.0309461 0.0210641 0.0795756 0.0421282 0.0367272 0.0132626 0.0132626 0.0192522 0.0325536 0.0149204 0.0477453 0.0542561 0.0379792 0.0298408 0.0238727 0.0351069 0.208886 0.119363
132 P 3.98634 0.050021 0.097541 0.0134539 0.0433516 0.0162568 0.0260109 0.0278689 0.0130055 0.0153006 0.0605427 0.0650273 0.0867031 0.130055 0.0928962 0.0390164 0.0354695 0.104044 0.0169637 0.0520219 0.0144505
133 F 3.71514 0.0246361 0.0056311 0.0656962 0.0157671 0.197089 0.0187703 0.0281555 0.0281555 0.0197089 0.0369541 0.0492721 0.0656962 0.0135923 0.00703888 0.0394177 0.052557 0.0492721 0.0739082 0.197089 0.0115934
134 D 3.35029 0.0235467 0.0147167 0.117733 0.00654075 0.0294334 0.013851 0.0336381 0.010703 0.0112127 0.00735834 0.3532 0.0809418 0.00981112 0.095308 0.01766 0.0249738 0.0168191 0.0324782 0.0294334 0.0706401
135 H 3.95823 0.0168591 0.0231813 0.0463625 0.00789149 0.0154542 0.0285308 0.18545 0.0463625 0.07418 0.030073 0.0463625 0.109088 0.0605551 0.044508 0.0394575 0.0264929 0.0252887 0.0264929 0.0618167 0.0855924
136 Q 3.86311 0.0205344 0.0428543 0.032855 0.102672 0.0365055 0.0149341 0.0164275 0.0205344 0.032855 0.0023808 0.0273791 0.0547583 0.0109517 0.164275 0.140318 0.0746704 0.0930891 0.0298682 0.0492825 0.032855
137 A 3.13307 0.0215831 0.0030833 0.00332048 0.0119906 0.0476627 0.00143888 0.00359719 0.308512 0.00981051 0.082317 0.0935269 0.00479625 0.00674473 0.0107916 0.169257 0.0192706 0.00431663 0.0607735 0.0107916 0.126415
138 K 3.71867 0.0279381 0.167629 0.0186254 0.0419071 0.0255087 0.00670514 0.0209536 0.0279381 0.167629 0.00419071 0.0124169 0.0167629 0.0651889 0.0186254 0.111752 0.0178328 0.0359204 0.0308789 0.0558762 0.125721
139 H 3.55924 0.0723852 0.00723852 0.0224644 0.00723852 0.0241284 0.0135722 0.0723852 0.00629437 0.0271445 0.0965136 0.0241284 0.126674 0.034383 0.0416763 0.0542889 0.0134047 0.0194883 0.0180963 0.0289541 0.289541
140 R 3.81243 0.00697738 0.104661 0.0418643 0.0199354 0.0398707 0.062654 0.0279095 0.011629 0.139548 0.0697738 0.011629 0.0174434 0.0232579 0.0507446 0.139548 0.131795 0.00606729 0.00996768 0.0348869 0.0498384
141 I 3.5395 0.0280605 0.0392847 0.0392847 0.157139 0.0392847 0.0174599 0.0392847 0.0785694 0.0060438 0.0152774 0.0523796 0.0196423 0.00506899 0.109997 0.00913597 0.0231086 0.0117854 0.271064 0.0196423 0.0184869
142 E 3.46439 0.0323256 0.00808139 0.0646511 0.129302 0.00718346 0.0537102 0.0587737 0.060341 0.29093 0.0107752 0.0646511 0.0107752 0.0323256 0.107752 0.0047019 0.00957794 0.021957 0.0174733 0.00808139 0.00663088
143 R 3.89043 0.0313519 0.0829904 0.00602922 0.023514 0.0627039 0.0335914 0.0627039 0.0241169 0.019595 0.0522532 0.0570035 0.00783798 0.0398775 0.019595 0.0783798 0.0567578 0.22021 0.0627039 0.0391899 0.019595
144 A 3.72301 0.20618 0.0098181 0.06344 0.0759611 0.0242565 0.0152726 0.051545 0.0257725 0.0229089 0.0220907 0.137453 0.0171817 0.0370067 0.020618 0.0193294 0.149303 0.0257725 0.00736357 0.0343633 0.0343633
145 R 3.97775 0.0154998 0.0678117 0.0135623 0.0387495 0.0929989 0.0397829 0.0745928 0.0135623 0.0216997 0.0690446 0.0723325 0.0667684 0.0253164 0.0216997 0.108499 0.0591811 0.0147953 0.0325496 0.0120554 0.139498
146 T 3.69905 0.0165869 0.0814267 0.00603161 0.128926 0.0155098 0.00708058 0.0882123 0.0802466 0.0298565 0.17037 0.0271422 0.0226185 0.00835146 0.0474989 0.0628557 0.0264463 0.0271422 0.141743 0.00678556 0.00516995
147 R 3.94626 0.075914 0.0182756 0.0939887 0.0290259 0.0411201 0.0117486 0.0822401 0.0365512 0.0822401 0.0318349 0.0274134 0.0182756 0.0234972 0.109654 0.16448 0.0580519 0.0253047 0.0121837 0.0253047 0.0328961
148 M 3.89038 0.0178077 0.053423 0.0213692 0.0267115 0.0123284 0.0369852 0.0961615 0.146333 0.0200336 0.0128215 0.160269 0.053423 0.00763186 0.0641076 0.0410946 0.0295233 0.0291398 0.0678062 0.0801346 0.0228956
149 E 3.61484 0.00632764 0.0427116 0.0142372 0.0284744 0.00949146 0.0245469 0.121016 0.106132 0.0626436 0.059946 0.0783045 0.256269 0.00730112 0.031063 0.0318913 0.0129429 0.00647145 0.0660605 0.00949146 0.0246778
150 A 3.72552 0.0656822 0.0459775 0.240835 0.0656822 0.0281495 0.0301043 0.0985233 0.014596 0.0656822 0.00656822 0.0234579 0.0985233 0.00691391 0.0844485 0.00861406 0.0274949 0.0244399 0.0183299 0.0328411 0.0131364
151 G 3.74366 0.0212639 0.0708796 0.0534323 0.225526 0.0152664 0.0992315 0.0248079 0.0441029 0.0396926 0.0173655 0.0330772 0.157117 0.0148847 0.0396926 0.0469094 0.0198463 0.0124039 0.0248079 0.00992315 0.0297695
152 L 3.84631 0.034297 0.0204149 0.0244979 0.0524954 0.00680496 0.0266281 0.0612447 0.0122489 0.122489 0.122489 0.0816596 0.122489 0.0326638 0.0209128 0.0313345 0.0136099 0.0136099 0.0055677 0.122489 0.0720526
153 V 3.14593 0.0101725 0.0197798 0.00593395 0.00890093 0.264485 0.0160791 0.00762937 0.104072 0.00547749 0.121471 0.204721 0.0101725 0.131943 0.00628301 0.00958561 0.00730333 0.0105492 0.0356037 0.0127156 0.00712074
154 D 3.56111 0.00970201 0.019404 0.0970201 0.0582121 0.02156 0.0565951 0.033957 0.015319 0.01617 0.031185 0.29106 0.02156 0.00676884 0.015319 0.0606376 0.00588001 0.01764 0.12936 0.03234 0.0603098
155 Q 2.70895 0.00190264 0.130014 0.00129725 0.0504931 0.00528511 0.00537703 0.0118915 0.0722139 0.00380528 0.0138211 0.0280639 0.0023783 0.00317107 0.0047566 0.00213562 0.00359388 0.0542812 0.0860152 0.470903 0.0486001
156 D 3.91492 0.129572 0.0119974 0.107976 0.0539882 0.0179961 0.0431906 0.0809823 0.0249176 0.0196321 0.0174156 0.0215953 0.0809823 0.0215953 0.107976 0.0237548 0.031348 0.0245401 0.0343561 0.0166118 0.129572
157 D 3.88632 0.0312134 0.0360155 0.187281 0.0873976 0.0510765 0.0735745 0.0187281 0.0144062 0.0267544 0.0192083 0.0374561 0.0824034 0.034051 0.112368 0.0076441 0.0181239 0.0144062 0.0208089 0.0468201 0.0802631
158 L 1.62891 0.00234535 0.00234535 0.00422162 0.00351802 0.615151 0.00227637 0.00117267 0.00216493 0.000781782 0.00703604 0.00331108 0.00251287 0.00428281 0.00281442 0.00127928 0.00175901 0.00547247 0.000907876 0.253297 0.08335
159 D 3.89623 0.0344577 0.0114859 0.103373 0.0600231 0.0172289 0.0413493 0.0393803 0.00295352 0.0147676 0.0106024 0.0516866 0.129216 0.0212048 0.0147676 0.0610841 0.0172289 0.103373 0.103373 0.103373 0.0590704
160 E 3.13328 0.0150258 0.0428513 0.228249 0.0550946 0.0103302 0.0450774 0.0124407 0.00918243 0.0208979 0.0183649 0.0472239 0.0239542 0.0183649 0.362706 0.0316501 0.00816216 0.00512507 0.0122432 0.0110189 0.0220378
161 E 3.88756 0.130139 0.0234249 0.00976039 0.117125 0.156166 0.0167321 0.0146406 0.0418302 0.0390416 0.00520554 0.0585623 0.0780831 0.0195208 0.0540575 0.0669284 0.0275588 0.0372669 0.0301178 0.0585623 0.0152771
162 H 1.80665 0.00658424 0.0118516 0.0164606 0.00329212 0.00790108 0.0658424 0.0395054 0.00658424 0.0131685 0.00493818 0.00790108 0.737434 0.00395054 0.017558 0.0103058 0.0102421 0.0103467 0.0046477 0.0131685 0.00831693
163 Q 3.32995 0.0335841 0.0204156 0.00567101 0.0299534 0.0749962 0.00457493 0.00810144 0.154159 0.0179478 0.161575 0.213338 0.00307002 0.00205652 0.00972172 0.00531657 0.0131938 0.0189034 0.152939 0.00972172 0.0607608
164 G 3.87438 0.0147341 0.0736704 0.0331517 0.0126292 0.0663034 0.132607 0.0331517 0.0139586 0.0361655 0.011531 0.0165758 0.132607 0.0165758 0.0884045 0.0331517 0.054025 0.0126292 0.0634206 0.132607 0.0221011
165 L 3.79684 0.0135156 0.0625578 0.00372368 0.0189569 0.0695087 0.00781973 0.0130329 0.0417052 0.00504499 0.0521315 0.104263 0.0521315 0.0573447 0.0521315 0.00840831 0.0208526 0.0961175 0.20201 0.0521315 0.0666125
166 A 4.07458 0.0901973 0.0450986 0.0112747 0.0708693 0.0515413 0.0242839 0.067648 0.0360789 0.108237 0.0941189 0.0180395 0.0245993 0.0156865 0.0541184 0.0278792 0.0847308 0.0693825 0.0624443 0.0212229 0.0225493
167 P 3.22381 0.0159707 0.0389286 0.0359341 0.011978 0.017967 0.0431209 0.00718681 0.0653347 0.0359341 0.411245 0.107802 0.00513344 0.0359341 0.0399267 0.0103447 0.00855573 0.0226952 0.0598901 0.00342229 0.0226952
168 A 3.30371 0.0337005 0.00674009 0.00842512 0.0306368 0.0252754 0.00777703 0.0674009 0.0235903 0.0337005 0.0305655 0.353855 0.00674009 0.0121322 0.0593128 0.029352 0.163362 0.0592663 0.0107229 0.0337005 0.0037445
169 E 3.81123 0.0377673 0.0157364 0.0377673 0.188836 0.0104909 0.16186 0.0472091 0.0314727 0.0209818 0.0175662 0.0209818 0.0944182 0.0236045 0.0590113 0.0323719 0.0134883 0.0224805 0.0459332 0.0944182 0.0236045
170 L 3.92097 0.00467729 0.0592457 0.0592457 0.0161579 0.0888685 0.0136721 0.025391 0.0710948 0.0296228 0.177737 0.0710948 0.0126955 0.0888685 0.0222171 0.0579577 0.0266605 0.0309108 0.0296228 0.0888685 0.025391
171 F 3.79601 0.0227818 0.0108156 0.00566531 0.0132191 0.118972 0.0872459 0.0475886 0.0185893 0.0169959 0.115472 0.118972 0.0297429 0.027455 0.0424899 0.0559866 0.0453225 0.00959449 0.0333121 0.16656 0.0132191
172 A 3.28503 0.0755366 0.0188842 0.00985261 0.377683 0.0402862 0.00472104 0.0119268 0.00472104 0.0755366 0.00285044 0.0503578 0.022661 0.0171674 0.0809321 0.0883939 0.03655 0.0215819 0.0397561 0.00686697 0.0137339
173 R 3.35365 0.0340701 0.0126609 0.0109024 0.0974807 0.0174439 0.00218049 0.0381585 0.0113765 0.00396452 0.132415 0.278012 0.00817683 0.0145366 0.174439 0.0436098 0.0177669 0.00948038 0.0279103 0.049061 0.0163537
174 L 3.91883 0.0305627 0.0687661 0.0687661 0.0171915 0.0995922 0.0196474 0.0196474 0.00491186 0.0250058 0.137532 0.0825193 0.0404506 0.0773618 0.0375088 0.0327457 0.0502521 0.0144771 0.0183376 0.137532 0.0171915
175 K 3.64644 0.0204678 0.0300998 0.0161588 0.0383772 0.0133486 0.0372143 0.00538628 0.136452 0.102339 0.164633 0.0204678 0.00852827 0.0182749 0.0127924 0.059249 0.0157445 0.0323177 0.202546 0.031489 0.0341131
176 A 3.99374 0.151148 0.0503827 0.0274815 0.00795517 0.0755741 0.0377871 0.0465071 0.00925397 0.0188935 0.0391866 0.0377871 0.0755741 0.0705358 0.100765 0.0661273 0.0777969 0.0215926 0.0251914 0.0100765 0.0503827
177 R 3.48684 0.0436816 0.0980196 0.0108969 0.0311747 0.0403502 0.044465 0.0287426 0.0410872 0.00276371 0.0416567 0.0154768 0.0720516 0.00102045 0.0124367 0.00221097 0.062423 0.269222 0.00986432 0.0110548 0.161401
178 M 3.87711 0.00298311 0.064634 0.0147735 0.0430894 0.145427 0.0160471 0.081643 0.0147735 0.0658092 0.0522948 0.0258536 0.00387804 0.0833061 0.0738675 0.108442 0.00680358 0.0248961 0.0347687 0.0344715 0.102239
179 P 3.7675 0.0163193 0.0469797 0.0322986 0.0310066 0.0147651 0.0271988 0.00543976 0.206711 0.0172259 0.0422818 0.0140939 0.00826843 0.103355 0.129194 0.0606651 0.0263455 0.0500107 0.0465099 0.103355 0.0179749
180 D 3.90697 0.0295203 0.0358617 0.0806888 0.0403444 0.126295 0.0168102 0.0134481 0.171464 0.00733534 0.015451 0.0268963 0.0268963 0.0461079 0.0179308 0.0484133 0.0864523 0.0696858 0.0193653 0.0403444 0.0806888
181 G 3.75787 0.0330758 0.190186 0.0432241 0.0172896 0.142639 0.095093 0.0211318 0.0126791 0.0158488 0.00613503 0.0271694 0.0146297 0.0095093 0.00792441 0.0432241 0.0570558 0.0774013 0.088049 0.0237732 0.0739612
182 E 4.00787 0.0620852 0.0477579 0.0970082 0.155213 0.0431147 0.0747322 0.0110866 0.0110866 0.0310426 0.0145512 0.0388033 0.0582049 0.00913018 0.0298487 0.0827803 0.0269936 0.0665199 0.0600825 0.0282206 0.0517377
183 D 2.65854 0.0135483 0.0295598 0.0812895 0.569027 0.0232256 0.0195095 0.0406448 0.0162579 0.00387093 0.00738996 0.0270965 0.00903217 0.00625304 0.0162579 0.0316126 0.00903217 0.00840926 0.0424119 0.0270965 0.0184749
184 L 3.99233 0.0203362 0.0372831 0.0213046 0.0894794 0.00363737 0.0154275 0.0745661 0.0165703 0.0414256 0.149132 0.0497108 0.0426092 0.0954446 0.080302 0.0486301 0.0203362 0.0322448 0.0621384 0.0745661 0.0248554
185 V 3.81181 0.0475655 0.0241603 0.0211402 0.0634207 0.0338244 0.0617066 0.0195141 0.0422805 0.0245499 0.126841 0.0253683 0.0317103 0.0185622 0.0253683 0.0235984 0.0585422 0.0253683 0.253683 0.0507365 0.0220594
186 V 3.87083 0.073062 0.0356177 0.00949806 0.142471 0.0178089 0.0178089 0.040706 0.0518076 0.00838064 0.0485696 0.0712354 0.0109593 0.0233907 0.0949806 0.0158301 0.0133566 0.0633204 0.142471 0.0237451 0.0949806
187 T 3.8182 0.0247322 0.0351458 0.0523741 0.123661 0.0101177 0.0513669 0.0556475 0.044518 0.0370983 0.00809418 0.0404709 0.0193556 0.0287213 0.0089036 0.0346251 0.108927 0.22259 0.0380032 0.022259 0.0333885
188 H 3.17949 0.00425922 0.0227158 0.102221 0.0255553 0.00511106 0.00340737 0.0511106 0.014603 0.0127777 0.0113579 0.0511106 0.112443 0.0182538 0.204442 0.0127777 0.0105228 0.00851844 0.00851844 0.0136295 0.306664
189 G 4.04481 0.0632599 0.0677785 0.0729922 0.0395375 0.0186059 0.15815 0.0486615 0.0112964 0.0206282 0.0431318 0.0790749 0.0351444 0.0395375 0.0197687 0.0272672 0.0642484 0.0381741 0.0615027 0.0790749 0.0121654
