# POSITION WT SITE_ENTROPY PI_A PI_C PI_D PI_E PI_F PI_G PI_H PI_I PI_K PI_L PI_M PI_N PI_P PI_Q PI_R PI_S PI_T PI_V PI_W PI_Y
1 M 4.11441 0.0592256 0.0408271 0.050387 0.0450129 0.042689 0.0633807 0.0567747 0.17445 0.0497169 0.0299588 0.0294957 0.0431942 0.0422849 0.0256991 0.0290293 0.0397993 0.033229 0.0196106 0.0768402 0.0483946
2 I 3.58701 0.0487507 0.00889961 0.0048372 0.00724059 0.207369 0.00449103 0.115125 0.0273889 0.168576 0.0181552 0.0274108 0.0576433 0.00337763 0.0374299 0.0166749 0.0159448 0.0278459 0.07132 0.0297829 0.101736
3 E 3.77761 0.00408469 0.0140401 0.034128 0.0144565 0.162817 0.0142507 0.130181 0.015562 0.0370397 0.0272514 0.029083 0.116332 0.0461906 0.0450317 0.0776244 0.0370957 0.0707424 0.00515395 0.00819612 0.110739
4 Q 3.93511 0.00902186 0.0190443 0.0387959 0.0840994 0.0542047 0.0685031 0.00863521 0.034851 0.120893 0.0916593 0.0262811 0.0715933 0.104553 0.0262339 0.023653 0.0112633 0.0232192 0.102283 0.0750888 0.00612374
5 D 3.73728 0.0192606 0.0118333 0.00837417 0.0450104 0.0484097 0.0591234 0.0282489 0.0523761 0.158498 0.152257 0.00142671 0.0786409 0.0451437 0.034455 0.013028 0.147579 0.0580386 0.0137986 0.0165964 0.00790178
6 G 3.58159 0.0373381 0.00319377 0.0135266 0.0224876 0.0468733 0.0030777 0.00112721 0.116479 0.175994 0.00653495 0.0457394 0.0621279 0.169396 0.00353596 0.00843531 0.0684695 0.0815351 0.0113556 0.0922201 0.0305537
7 L 3.55179 0.0245316 0.27997 0.0112681 0.128457 0.00968522 0.07915 0.0118941 0.00489359 0.118762 0.0428262 0.0428189 0.016176 0.0341394 0.0279254 0.0430516 0.0408726 0.0113106 0.0316927 0.0356824 0.00489359
8 H 3.48628 0.011625 0.0312935 0.0229153 0.11767 0.00817612 0.0369363 0.0340975 0.00398115 0.0078151 0.0726338 0.0710814 0.0317134 0.321875 0.0615439 0.0332347 0.0217289 0.00804495 0.0431887 0.00488444 0.0555605
9 A 3.9396 0.0474675 0.0237525 0.0104511 0.044669 0.0154668 0.0851291 0.0149674 0.129676 0.0879724 0.113833 0.0237525 0.0567225 0.0988995 0.0127898 0.0638862 0.0554226 0.0121613 0.0682125 0.0237525 0.0110157
10 G 3.94354 0.0262665 0.0629723 0.0494225 0.0777893 0.0230308 0.144836 0.0123828 0.0160518 0.015856 0.0442508 0.0405518 0.010781 0.0409107 0.0496601 0.0656663 0.0235947 0.0623186 0.152542 0.0131333 0.0679839
11 S 3.36989 0.00157218 0.164499 0.0135924 0.0112334 0.0765766 0.00361876 0.0384878 0.0803189 0.00124288 0.0912755 0.0529861 0.00069075 0.0290843 0.0384769 0.190777 0.00247443 0.0134159 0.0136046 0.000998379 0.175074
12 P 3.86616 0.103948 0.0151523 0.0375607 0.0158653 0.03853 0.0197029 0.0179807 0.0229025 0.0146582 0.0651824 0.0481626 0.0347841 0.193278 0.108366 0.046746 0.0417633 0.104618 0.0389887 0.0200156 0.0117949
13 A 3.79982 0.0520964 0.0128204 0.138888 0.0374345 0.0208331 0.023851 0.0308096 0.018601 0.111606 0.186885 0.00889219 0.0104166 0.0096204 0.0293801 0.0616548 0.0729717 0.0703118 0.0608856 0.0138888 0.0281529
14 A 4.02315 0.0691806 0.0538878 0.0343053 0.0633297 0.0142238 0.0584582 0.0271413 0.0108209 0.0975345 0.00849242 0.0706571 0.0417129 0.116221 0.0205616 0.0575122 0.0952924 0.0914386 0.0320761 0.0191908 0.0179626
15 W 3.82275 0.0275181 0.0874464 0.0605398 0.0153543 0.0140138 0.15135 0.0118706 0.0199144 0.0272925 0.103316 0.0432427 0.0189187 0.0106584 0.0414991 0.104022 0.0544605 0.0247303 0.019529 0.151711 0.0126125
16 V 3.25002 0.0769861 0.0162262 0.00701773 0.0419764 0.00143373 0.0501805 0.00397481 0.00251579 0.366121 0.0209673 0.00766303 0.0405469 0.0038039 0.0389781 0.126957 0.0719693 0.0621811 0.0221301 0.0200005 0.0183708
17 E 3.92359 0.017413 0.0191426 0.0669991 0.107417 0.0114041 0.0626116 0.0466081 0.0173836 0.0192408 0.0225272 0.00714657 0.0258755 0.115289 0.0755001 0.0743156 0.139473 0.0290599 0.0331805 0.0884389 0.0209736
18 R 3.445 0.0128333 0.024497 0.046793 0.210158 0.00913432 0.0500035 0.0291886 0.0142201 0.297372 0.0393946 0.0170641 0.0385128 0.0255685 0.0103339 0.0555131 0.0510055 0.0154051 0.0144344 0.0215043 0.0170641
19 L 3.78461 0.0226689 0.0571255 0.0571255 0.0346399 0.0222155 0.0092636 0.0125397 0.0257065 0.0180396 0.171783 0.109326 0.0285628 0.0393703 0.0162512 0.072899 0.0142814 0.0228502 0.0787406 0.171377 0.0152335
20 F 3.87585 0.0549967 0.083253 0.0367293 0.135111 0.0243759 0.00757305 0.0386469 0.0418896 0.115435 0.0222524 0.0321381 0.00489724 0.0805818 0.0167905 0.153224 0.0202735 0.061591 0.0278507 0.0163241 0.0260659
21 G 3.97175 0.0695433 0.0726759 0.0937345 0.0796743 0.00772704 0.149738 0.0233421 0.0149389 0.0692292 0.0356103 0.041829 0.0414273 0.0180581 0.0203713 0.0368623 0.104377 0.0290479 0.0571195 0.00979603 0.0248982
22 Y 3.86101 0.0262614 0.170276 0.030847 0.0216021 0.0725248 0.025756 0.0556671 0.0130981 0.00672141 0.0628859 0.0283793 0.0281189 0.0186888 0.0311081 0.0297125 0.0963176 0.0400649 0.0449785 0.0261963 0.170796
23 D 3.9958 0.0239232 0.0466196 0.10512 0.115745 0.0262235 0.0293182 0.04676 0.118491 0.0262235 0.0277079 0.00776993 0.0499962 0.0225926 0.0318666 0.0690093 0.0303734 0.119069 0.0176788 0.0262235 0.059288
24 W 3.81369 0.0172613 0.153219 0.0411452 0.0143643 0.0278711 0.0709906 0.00718216 0.0385328 0.0219689 0.10081 0.0196564 0.0506855 0.0218263 0.067225 0.0624105 0.0470199 0.0179554 0.0179062 0.187323 0.014646
25 A 4.03092 0.0718058 0.0472416 0.0637665 0.106171 0.0179343 0.0351055 0.0956497 0.0499042 0.0765198 0.0155656 0.0478249 0.00562646 0.0157822 0.0478249 0.0154988 0.0632976 0.0453512 0.121022 0.0179343 0.0401729
26 Q 3.90004 0.012521 0.0336771 0.0183924 0.0550922 0.0398346 0.0262721 0.145219 0.0271288 0.0751258 0.161045 0.0203466 0.0219339 0.0322257 0.108757 0.0746541 0.023187 0.0235536 0.0118254 0.0574491 0.0317605
27 Q 3.00225 0.00567263 0.0173724 0.00684015 0.0213814 0.00445447 0.0114515 0.0102948 0.419006 0.0255268 0.00368506 0.0489002 0.0694897 0.0197457 0.0463373 0.023962 0.0149274 0.0524451 0.176813 0.00926529 0.0124291
28 T 3.93537 0.149276 0.0275874 0.0300954 0.0143055 0.0110293 0.0099328 0.122615 0.0248866 0.027959 0.0310838 0.0588228 0.0583614 0.0499268 0.0246496 0.099064 0.0459594 0.108035 0.0229451 0.0215684 0.0618974
29 I 3.94193 0.0268944 0.0156528 0.0352189 0.0207805 0.0341114 0.0358592 0.0273925 0.164783 0.0205443 0.10994 0.113784 0.0356432 0.0190454 0.101601 0.0134717 0.0741879 0.0354213 0.0414727 0.0424141 0.0317813
30 G 3.81817 0.0723252 0.0915806 0.0309285 0.0246563 0.080133 0.214481 0.017709 0.0248031 0.028223 0.0211672 0.0328751 0.0142459 0.0193092 0.00628494 0.0487476 0.107311 0.0168069 0.0844516 0.0203513 0.0436098
31 C 1.31996 0.00168347 0.0082309 0.00195323 0.00136459 0.00329775 0.00200749 0.00186196 0.00155648 0.758971 0.0182108 0.000553416 0.00174224 0.00397016 0.153827 0.0231222 0.00830124 0.00134615 0.00282134 0.00324831 0.00193052
32 S 3.80218 0.0232204 0.0473722 0.0230094 0.0245433 0.024478 0.0607191 0.0135349 0.0694137 0.0226853 0.0465776 0.00766978 0.0323835 0.0238344 0.0173656 0.115047 0.230824 0.058061 0.100918 0.0412988 0.017044
33 D 3.28799 0.0257218 0.00838032 0.0277082 0.00831381 0.00620764 0.176545 0.00993223 0.00537926 0.0296803 0.0248057 0.0069836 0.0106808 0.0911778 0.0346386 0.0412905 0.191538 0.257892 0.0129452 0.0122213 0.0179578
34 A 3.88733 0.153991 0.0450264 0.0222637 0.0619063 0.0229283 0.0349135 0.024626 0.0187341 0.0244395 0.0102985 0.0250078 0.0219456 0.0367351 0.130186 0.0910338 0.0949334 0.0139654 0.113976 0.0333955 0.0196948
35 A 3.61119 0.037439 0.0333007 0.0187316 0.0451938 0.0662297 0.0158743 0.0345197 0.0736043 0.0124878 0.013099 0.00708764 0.0459009 0.007887 0.187316 0.0235234 0.0861816 0.234322 0.0217935 0.00668987 0.0288179
36 V 3.93042 0.053976 0.0134009 0.0591218 0.0335024 0.0804057 0.127525 0.0306632 0.0261482 0.0299383 0.0633632 0.0538431 0.0223349 0.0258183 0.0413853 0.0335024 0.0231939 0.0184135 0.201613 0.0283482 0.0335024
37 F 3.74355 0.0174945 0.0250328 0.027739 0.0361389 0.257387 0.0281619 0.0142548 0.0266583 0.0238259 0.062348 0.046652 0.0281619 0.0223867 0.0307903 0.0208607 0.11032 0.0527232 0.0366552 0.011663 0.120746
38 R 3.72941 0.0315897 0.0852923 0.032041 0.0144701 0.0105796 0.0477514 0.054634 0.0203897 0.0436114 0.122687 0.0280359 0.0149525 0.0351293 0.0341306 0.224962 0.133535 0.0146274 0.0256328 0.0119302 0.0140179
39 L 3.53136 0.017287 0.0219341 0.0212486 0.106243 0.0292604 0.270662 0.0165843 0.0194273 0.0134202 0.170396 0.0618142 0.0728524 0.0504655 0.00849945 0.0297068 0.0303552 0.0184771 0.0212486 0.00999935 0.0101184
40 S 3.58804 0.0116143 0.00600372 0.0204672 0.0276033 0.0321628 0.0327126 0.0422797 0.0423339 0.0307883 0.0134311 0.00714729 0.0157401 0.0130081 0.0574825 0.0860999 0.100237 0.265879 0.0328448 0.147869 0.0142946
41 A 3.09344 0.0899947 0.441666 0.0299435 0.0438197 0.00998115 0.0130399 0.00731177 0.00885651 0.00998115 0.005104 0.0224576 0.0535527 0.0242151 0.0827385 0.015312 0.0577012 0.0465193 0.019567 0.00598869 0.0122496
42 Q 3.78876 0.0484833 0.0113375 0.044443 0.159463 0.0124809 0.0101584 0.0294775 0.0153915 0.06349 0.0307008 0.00907 0.00647857 0.109441 0.063515 0.0744244 0.119715 0.114361 0.0204272 0.0529084 0.00423267
43 G 2.42236 0.0168332 0.0429975 0.0181912 0.00745677 0.0153812 0.0392887 0.020633 0.0047775 0.00985359 0.00962443 0.00394144 0.0747942 0.00685467 0.0303187 0.0249737 0.616342 0.0316095 0.0123498 0.00692414 0.00685467
44 R 3.58991 0.0204024 0.0151186 0.0147969 0.0231819 0.0194988 0.12991 0.0108665 0.0221282 0.195903 0.102456 0.0231819 0.0168256 0.0285174 0.107916 0.174331 0.0149026 0.0137261 0.0376706 0.0102273 0.0184401
45 P 3.7761 0.0220353 0.0172737 0.0225517 0.102736 0.0142432 0.0140073 0.0378869 0.0291846 0.232456 0.0194657 0.0164013 0.0782518 0.0903754 0.0727178 0.0909286 0.0264242 0.024968 0.0112759 0.0451035 0.0317134
46 V 3.18815 0.159222 0.0522094 0.0330369 0.00833811 0.00239164 0.141107 0.0117589 0.00731345 0.00320697 0.0192769 0.0125988 0.0434174 0.0634086 0.00503952 0.0103755 0.0487459 0.330249 0.0352228 0.00661437 0.00646738
47 L 3.65144 0.00542836 0.0326435 0.012781 0.0115029 0.145622 0.0143456 0.172544 0.0059331 0.0543514 0.0806516 0.0738106 0.0483124 0.0463269 0.0297159 0.0607436 0.0126307 0.00757031 0.0150976 0.00894673 0.161041
48 F 3.86068 0.0334768 0.0593453 0.0131878 0.0253023 0.21825 0.0287999 0.0159219 0.0219508 0.0362666 0.085931 0.0245677 0.0148786 0.0302222 0.0842321 0.0367035 0.0783358 0.0282381 0.0547256 0.012317 0.0973471
49 V 3.74074 0.0564112 0.0424544 0.0224878 0.0514008 0.0174682 0.0593611 0.0279492 0.0441303 0.0183273 0.121714 0.0558983 0.0190562 0.0239564 0.0245168 0.0434765 0.0194994 0.020773 0.280445 0.0221819 0.0284919
50 K 3.92932 0.0251863 0.0159322 0.0282079 0.0332499 0.021243 0.0234474 0.0155617 0.0238983 0.191814 0.0310474 0.0431712 0.0517329 0.0200291 0.0594803 0.115023 0.0549266 0.0808867 0.0429799 0.0955933 0.0265889
51 T 3.98909 0.0381031 0.109135 0.0803629 0.00779534 0.0332149 0.025185 0.0584651 0.0372051 0.0204628 0.0312893 0.0255785 0.0648632 0.0550635 0.083456 0.0376721 0.0626515 0.164209 0.018035 0.0344636 0.0127892
52 D 3.17166 0.317566 0.0934198 0.0160983 0.1166 0.0044372 0.0128005 0.00253554 0.0846027 0.00162697 0.0060225 0.00562599 0.00719623 0.00380332 0.0589778 0.00189383 0.113888 0.0927479 0.0412696 0.00542325 0.0134646
53 L 3.92434 0.0666155 0.00449511 0.00926389 0.0662505 0.0693819 0.00672107 0.0516346 0.00856285 0.136036 0.0233174 0.0304485 0.0363876 0.0145318 0.0409883 0.0952491 0.0462407 0.0349002 0.108634 0.045466 0.104874
54 S 3.67559 0.0233846 0.0221072 0.0209946 0.211054 0.0171456 0.054903 0.18968 0.0449052 0.00598736 0.0212964 0.0239494 0.0316025 0.0219537 0.057056 0.0684153 0.108006 0.0304574 0.0185608 0.0097975 0.018743
55 G 3.58215 0.0185194 0.0360852 0.0403125 0.00704711 0.026779 0.0894985 0.291594 0.0226134 0.00752824 0.0611393 0.133895 0.0133229 0.00907764 0.0544658 0.0540279 0.0265378 0.0170026 0.0436033 0.013092 0.0338585
56 A 3.84152 0.0984424 0.0218366 0.163775 0.0909859 0.0121661 0.0118952 0.096753 0.0239469 0.0462422 0.012958 0.0314447 0.0152856 0.0407223 0.144122 0.020231 0.0524823 0.0274343 0.0517183 0.0218366 0.0157224
57 L 3.72557 0.0266105 0.036897 0.044918 0.0179672 0.0295176 0.0172186 0.0485508 0.0472281 0.0578544 0.207276 0.0326247 0.0301809 0.0961037 0.0163987 0.191106 0.0205541 0.0112997 0.0216737 0.00469598 0.0413246
58 N 4.02792 0.0965721 0.0360578 0.0729444 0.0525842 0.0283311 0.0293047 0.0705129 0.0255894 0.112309 0.0390815 0.0165265 0.132567 0.0253917 0.0492554 0.0901444 0.0407887 0.0203851 0.0229933 0.0215228 0.0171386
59 E 3.85192 0.0477188 0.0460346 0.0886592 0.230932 0.00676979 0.031748 0.0428229 0.0239764 0.0374031 0.0527785 0.0236943 0.0609282 0.0199069 0.111976 0.0296129 0.0437037 0.021266 0.047622 0.015605 0.0168419
60 L 3.90817 0.0341485 0.0188102 0.0707025 0.0591367 0.0250803 0.0109991 0.0486172 0.0782505 0.00802569 0.140859 0.164876 0.0432153 0.058037 0.0120817 0.0837023 0.0431657 0.0317999 0.030344 0.0220313 0.0161172
61 Q 3.8685 0.0423539 0.0137621 0.101431 0.0989362 0.0189876 0.0187559 0.108587 0.017657 0.095315 0.0143751 0.08665 0.0138201 0.0249952 0.0781505 0.0376818 0.0121172 0.0236471 0.0340711 0.0129975 0.145709
62 D 3.31626 0.027266 0.0278502 0.10657 0.390902 0.0184045 0.0531687 0.0232613 0.012697 0.0094944 0.0261555 0.015191 0.0601037 0.0196315 0.00678749 0.0242524 0.0238069 0.0228942 0.0354458 0.00911463 0.0870032
63 E 3.9755 0.105339 0.0246021 0.0769933 0.157299 0.0216329 0.0744982 0.0227475 0.0224055 0.0431305 0.114799 0.0482579 0.0218382 0.0159743 0.0533918 0.0550602 0.0396138 0.0180274 0.0339547 0.0365956 0.0138387
64 A 3.87672 0.17171 0.103843 0.0313724 0.0680672 0.0321265 0.0392227 0.00993284 0.0165814 0.0382332 0.0128506 0.0489547 0.0223489 0.0437468 0.0146864 0.0270959 0.14304 0.0499746 0.0730721 0.0456911 0.00744963
65 A 3.13298 0.103166 0.0383344 0.0228941 0.0457883 0.0284203 0.00643897 0.0374631 0.00206047 0.0171706 0.0132459 0.0343412 0.0202669 0.0537514 0.0232634 0.018854 0.0422228 0.0089233 0.448956 0.0220765 0.0123628
66 R 3.95373 0.0347018 0.043284 0.0271987 0.0428235 0.0111817 0.0466865 0.0931808 0.0247464 0.0325438 0.054227 0.0186362 0.0154034 0.11817 0.0192472 0.168115 0.103216 0.0241638 0.0543975 0.0335451 0.0345317
67 L 4.0015 0.0247409 0.026515 0.0119763 0.065151 0.0253365 0.0508993 0.0814388 0.0234779 0.0247857 0.163282 0.0600075 0.0242297 0.0915286 0.0250581 0.0930729 0.0403714 0.0352168 0.0304568 0.0814388 0.0210165
68 S 3.9218 0.0978952 0.0330794 0.0253722 0.0355869 0.0179912 0.0476168 0.0242189 0.0512322 0.0819716 0.0187642 0.0239692 0.0412912 0.0155479 0.104271 0.181402 0.0970012 0.0357167 0.0341111 0.0152961 0.0176655
69 W 3.93887 0.0350112 0.0680995 0.0455317 0.0397417 0.0279695 0.102149 0.0185831 0.0288527 0.0151576 0.0836541 0.0391572 0.0130524 0.0122366 0.0405075 0.0333562 0.0532538 0.0206999 0.0275755 0.156994 0.138416
70 L 3.91669 0.023295 0.0527037 0.0545369 0.0796412 0.0277102 0.0234657 0.0252708 0.0199103 0.0123581 0.179646 0.142435 0.0413521 0.0855604 0.00943119 0.0497757 0.0321903 0.0223991 0.0417536 0.0358385 0.0407256
71 A 3.96876 0.153341 0.0611903 0.0261178 0.103805 0.0182114 0.08061 0.0179972 0.0203968 0.0311617 0.0154695 0.0203968 0.0394029 0.0471732 0.0699318 0.0509919 0.126399 0.0257102 0.0386014 0.0305952 0.0224964
72 T 3.86932 0.0542013 0.0344026 0.038631 0.0216951 0.0259168 0.0300706 0.0332284 0.0245955 0.100927 0.0169094 0.00995534 0.0565698 0.0865085 0.0325811 0.0403706 0.116374 0.209736 0.0250875 0.0209062 0.0213329
73 T 3.77021 0.0825294 0.0213139 0.0156938 0.0358461 0.00896153 0.0104551 0.0213139 0.0541206 0.0337015 0.0245674 0.0328589 0.0597435 0.0248662 0.0509649 0.0226126 0.0446881 0.263668 0.0634517 0.0275389 0.101104
74 G 3.59905 0.121128 0.145244 0.0109254 0.0119861 0.0161533 0.247573 0.0246914 0.0169119 0.0129955 0.0222223 0.0600602 0.0053677 0.0274349 0.0185186 0.0189934 0.0349407 0.0343533 0.085664 0.0189934 0.0658437
75 V 3.72847 0.091989 0.0284036 0.0284869 0.00833108 0.0081768 0.0141863 0.0169826 0.104452 0.00639924 0.102279 0.0710536 0.0141522 0.00829197 0.0735912 0.0100925 0.0179491 0.0269353 0.147474 0.147182 0.0735912
76 P 3.68989 0.00889689 0.0134594 0.00990409 0.0136697 0.0154387 0.0258762 0.0321378 0.0297825 0.00624901 0.112885 0.024996 0.031245 0.175406 0.141243 0.101253 0.123074 0.0683485 0.00999842 0.0328073 0.0233296
77 C 3.8344 0.0290136 0.253334 0.0304119 0.0412608 0.0970841 0.0610112 0.0164621 0.0332645 0.0199278 0.0312399 0.0360598 0.00841396 0.0377449 0.0504837 0.0516311 0.0598622 0.0482888 0.0569429 0.0315523 0.00600997
78 A 3.68689 0.242 0.0139814 0.00758427 0.0868247 0.0212238 0.0369153 0.0344542 0.0223315 0.0301475 0.030342 0.00463807 0.019209 0.0256574 0.0556569 0.146599 0.0794474 0.0544599 0.0354676 0.0482359 0.00482359
79 A 3.16393 0.0338937 0.00753483 0.0248649 0.0259287 0.00602786 0.0319379 0.020472 0.236253 0.297336 0.00322921 0.00211917 0.0391231 0.0143633 0.0576414 0.119585 0.0334516 0.0339067 0.00625096 0.00356913 0.00251161
80 V 3.71038 0.0529749 0.0348227 0.0170244 0.0198129 0.0191525 0.0515644 0.0191525 0.184431 0.0148757 0.0899232 0.020375 0.0144158 0.015529 0.0127683 0.100411 0.0194771 0.0220338 0.192073 0.0718218 0.0273607
81 L 4.05998 0.032514 0.0344266 0.0585253 0.123277 0.0130056 0.0516029 0.0360156 0.120214 0.0292626 0.117302 0.0630272 0.0142745 0.0416621 0.0356241 0.0564718 0.0225097 0.0446308 0.0408316 0.0390169 0.0258064
82 D 3.82778 0.0177373 0.0182441 0.208148 0.0259408 0.0565981 0.0480588 0.0592933 0.0185291 0.0163837 0.0134977 0.0230585 0.109224 0.0335705 0.0238145 0.0223628 0.0287537 0.0497199 0.0225029 0.0741166 0.130445
83 V 2.52752 0.0502742 0.00982309 0.00694263 0.011215 0.599807 0.0308079 0.0170095 0.0154281 0.0161995 0.0318475 0.0437386 0.00777575 0.00616037 0.00478017 0.0344892 0.0367845 0.0111082 0.0485189 0.0060748 0.011215
84 V 3.67498 0.144028 0.0575304 0.0177667 0.0188772 0.0179782 0.0401721 0.0128021 0.0517773 0.0112559 0.0636247 0.0123279 0.0245496 0.00936761 0.232998 0.0158312 0.044614 0.0441284 0.129699 0.0287652 0.0219058
85 T 4.03305 0.0799415 0.0699183 0.0314056 0.0308546 0.042481 0.0297367 0.0333631 0.08685 0.0293119 0.0442935 0.0268213 0.0488531 0.0279161 0.0366399 0.0329347 0.0582652 0.195938 0.0449963 0.0244266 0.0250529
86 E 4.12341 0.0754381 0.0708661 0.0493532 0.159779 0.042207 0.0598868 0.0490611 0.0212598 0.0177165 0.071433 0.0485278 0.0251761 0.0310039 0.0398622 0.0334645 0.0370149 0.0404949 0.0466312 0.0478346 0.0329894
87 A 3.85111 0.125824 0.0213494 0.0241207 0.0895912 0.0111138 0.0735266 0.0354149 0.0193843 0.0714803 0.0185819 0.205701 0.0241207 0.0405143 0.0282212 0.0338799 0.0794862 0.0155023 0.0322044 0.0231051 0.0268774
88 G 3.94723 0.0370431 0.115961 0.0575491 0.01964 0.0346377 0.191016 0.0381015 0.0146544 0.0195392 0.016997 0.0459846 0.0472459 0.0234471 0.0248488 0.0938733 0.0708297 0.0359848 0.0561753 0.0238134 0.0326584
89 R 3.91735 0.030083 0.0542341 0.0401106 0.0274261 0.0128354 0.0524112 0.0808431 0.0194476 0.028386 0.0729284 0.160442 0.0121265 0.0366725 0.0326827 0.160867 0.0776879 0.0187652 0.0267404 0.0320885 0.0232219
90 D 3.89167 0.0770778 0.0186893 0.157758 0.0334684 0.0131085 0.0438253 0.020391 0.0159293 0.0471905 0.0154407 0.157302 0.10306 0.0134446 0.0303565 0.0323223 0.0230067 0.0632291 0.0296097 0.0426025 0.062189
91 W 3.92991 0.0237717 0.0660435 0.0417931 0.0212283 0.0268146 0.112559 0.0234628 0.0173686 0.0333234 0.0754482 0.0238818 0.0173686 0.0228434 0.0636848 0.0640803 0.0370351 0.0269724 0.0214668 0.191695 0.0891587
92 L 3.84121 0.0356176 0.050781 0.0187802 0.0147296 0.0263582 0.0387948 0.0123656 0.0751208 0.0308188 0.251128 0.0500805 0.0357718 0.0963087 0.0715436 0.0495589 0.0295751 0.0182111 0.0204732 0.0455278 0.0284549
93 L 3.96662 0.0210556 0.0490634 0.0428631 0.0216898 0.0500069 0.0456756 0.013795 0.0223912 0.0214315 0.20063 0.0889012 0.0415642 0.0840116 0.0250035 0.0834553 0.0292278 0.0305775 0.0619804 0.0266704 0.0400055
94 L 3.83612 0.0444705 0.0132794 0.0275803 0.0497977 0.0217299 0.00531176 0.0398382 0.0193332 0.0281211 0.239691 0.0623554 0.0318706 0.0672269 0.0453331 0.0613551 0.0162237 0.114535 0.0303246 0.0492119 0.0324107
95 G 3.85207 0.0292764 0.0698664 0.043239 0.019986 0.018473 0.187898 0.0187369 0.0326607 0.100891 0.0450888 0.0214136 0.0274199 0.00996644 0.0446117 0.145731 0.0704636 0.0180355 0.0583894 0.0170335 0.0208188
96 E 3.77278 0.0291348 0.0491841 0.0140038 0.16864 0.043838 0.0586954 0.0117927 0.0207697 0.0586206 0.0218241 0.11203 0.0258532 0.0158962 0.162444 0.0163378 0.011862 0.0213876 0.030718 0.11203 0.0149374
97 V 3.77471 0.0318841 0.0371686 0.0628841 0.0195095 0.0359337 0.0594289 0.0157028 0.0162991 0.0391886 0.0820342 0.0198096 0.0257525 0.0343367 0.0164378 0.122679 0.0212635 0.045262 0.258417 0.0367893 0.0192183
98 P 3.83815 0.0175063 0.0310529 0.0172516 0.0279476 0.00776321 0.0394394 0.0279476 0.0352492 0.0266167 0.0574546 0.0171326 0.0202519 0.186779 0.148207 0.08804 0.0667061 0.101892 0.0281486 0.0334415 0.0211724
99 G 3.79933 0.0532168 0.102069 0.0419502 0.00692927 0.0487821 0.222397 0.0253413 0.0163845 0.0107292 0.0169563 0.0492748 0.0150695 0.0191152 0.0192172 0.0666877 0.0900385 0.0412533 0.0999377 0.0201579 0.0344924
100 Q 3.85681 0.0249542 0.0438472 0.0261865 0.0602291 0.0353518 0.00876945 0.0657709 0.0159012 0.103469 0.105362 0.0216716 0.013003 0.0915391 0.189059 0.047917 0.0202011 0.0531464 0.0502782 0.00448912 0.0188543
101 D 3.80912 0.091916 0.0167289 0.154328 0.0559657 0.0142505 0.0361344 0.0349198 0.00641274 0.00669156 0.0228779 0.0457558 0.0273059 0.0144287 0.130228 0.013113 0.0386459 0.0281535 0.0569362 0.153906 0.0513019
102 L 3.82974 0.0551462 0.011881 0.0596918 0.0109541 0.0179676 0.0484557 0.0100457 0.0158413 0.046679 0.20667 0.079853 0.0524203 0.0921296 0.0416777 0.124126 0.017342 0.0266955 0.0426076 0.0179075 0.0219082
103 L 3.70581 0.0179248 0.0269281 0.0463211 0.0561643 0.0312024 0.00438783 0.0272439 0.0366289 0.0109411 0.281673 0.10698 0.0255292 0.09221 0.0140411 0.0468036 0.0471115 0.0319923 0.0367973 0.0221701 0.0369502
104 S 3.86322 0.0223102 0.029536 0.015708 0.0158651 0.0204447 0.0765764 0.023331 0.0409218 0.0283305 0.0401348 0.0711894 0.046824 0.0255092 0.047979 0.078756 0.199017 0.147657 0.0321589 0.0247892 0.0129617
105 S 3.9512 0.04044 0.0686886 0.0404901 0.00747631 0.0488452 0.0843305 0.0189486 0.047973 0.0251409 0.0935334 0.0199821 0.0205424 0.0290745 0.0234833 0.0992168 0.1836 0.0228962 0.031311 0.0329705 0.0610565
106 H 3.97417 0.0391549 0.0360364 0.0821714 0.0913963 0.0181491 0.0420728 0.0976287 0.00832751 0.0129909 0.0185939 0.0331268 0.111351 0.0881123 0.083223 0.0557762 0.103163 0.025307 0.012319 0.0202217 0.0208783
107 L 3.72688 0.0161833 0.037844 0.0150604 0.0204988 0.0317401 0.0256235 0.0109327 0.0393577 0.0351408 0.246676 0.143492 0.028383 0.107162 0.0276389 0.0299983 0.0311582 0.0242259 0.0667404 0.0491972 0.0129466
108 A 3.59347 0.151741 0.0216349 0.0291239 0.0494818 0.0119561 0.113254 0.00841356 0.0302888 0.0202966 0.0183896 0.0124135 0.0126203 0.231297 0.00853206 0.0172096 0.107678 0.0531383 0.0716655 0.0187502 0.0121155
109 P 3.9193 0.0469482 0.0219092 0.036347 0.0365153 0.0189144 0.0348758 0.0341442 0.0231525 0.0216684 0.115432 0.0140845 0.0293426 0.188209 0.0864836 0.0282303 0.046287 0.0892786 0.0841036 0.0134138 0.0306601
110 A 3.92947 0.172311 0.0337183 0.0308859 0.144676 0.0184075 0.0171803 0.0291741 0.0335225 0.0363161 0.0343606 0.0245433 0.0572677 0.031685 0.0572677 0.0202121 0.109874 0.0185278 0.0651666 0.0381784 0.0267249
111 E 3.77667 0.0224215 0.0420361 0.056632 0.215249 0.0204386 0.0899023 0.0121246 0.0513187 0.015329 0.155404 0.0298063 0.0102193 0.0139354 0.0522013 0.0278496 0.0186613 0.0444011 0.0703018 0.0178838 0.0338851
112 K 3.78365 0.0353349 0.0104214 0.0201914 0.117595 0.0205585 0.0327313 0.0205585 0.0384017 0.226859 0.0431572 0.113072 0.0282679 0.012177 0.0848038 0.0379435 0.0274603 0.0678431 0.0226144 0.0173957 0.0226144
113 V 3.85429 0.0541308 0.0190034 0.0405981 0.039404 0.0387035 0.0424661 0.0301743 0.014886 0.0323608 0.0465582 0.063797 0.0159492 0.0205324 0.0198971 0.0551807 0.044006 0.148488 0.223939 0.0279112 0.0220145
114 S 3.00016 0.212492 0.412739 0.00989546 0.01507 0.00709174 0.0387419 0.0115626 0.0170962 0.0129376 0.0336336 0.0157594 0.0258342 0.0117243 0.0124106 0.0469713 0.0531525 0.00741145 0.0185398 0.0177294 0.0192068
115 I 3.92536 0.0231114 0.0378771 0.0606033 0.0417421 0.0378771 0.0259159 0.0154076 0.227858 0.0895939 0.0326605 0.0206602 0.0391832 0.0402444 0.0200526 0.0378771 0.0509219 0.0649322 0.0834842 0.0227263 0.0272715
116 M 3.64213 0.0372126 0.0230033 0.0220174 0.0330262 0.0164616 0.0140537 0.035704 0.0880698 0.0100079 0.00964268 0.220805 0.0347644 0.0173537 0.0425337 0.128549 0.025687 0.160127 0.0610807 0.00647572 0.0134253
117 A 3.78757 0.212563 0.0211906 0.0147841 0.137116 0.0196209 0.0292284 0.0186976 0.0373952 0.028733 0.0117225 0.0211906 0.0122844 0.018294 0.0929412 0.0560928 0.0869053 0.0393051 0.0602006 0.0181634 0.0635718
118 D 3.90199 0.0379635 0.0567858 0.199463 0.104896 0.0130024 0.0213845 0.0567858 0.0285561 0.0202806 0.0108904 0.0313816 0.0795001 0.0184028 0.0281416 0.0210318 0.028125 0.0246072 0.067373 0.0851787 0.0662501
119 A 3.87753 0.246824 0.0351656 0.0335672 0.0763943 0.0351656 0.0457153 0.0281325 0.0205133 0.0447562 0.0164106 0.0100473 0.0492319 0.0389605 0.0205133 0.0255276 0.0719297 0.0299809 0.0344094 0.0820531 0.0547021
120 M 3.50447 0.0102724 0.0227397 0.0316731 0.0253385 0.0171563 0.0395914 0.0180989 0.0513185 0.0345525 0.343248 0.127003 0.0160879 0.0409888 0.0264731 0.027 0.0148323 0.0799791 0.0345525 0.0185057 0.0205875
121 R 4.04304 0.0291726 0.0143577 0.0717883 0.0664987 0.0247367 0.0543708 0.0172741 0.0305679 0.0315869 0.0634326 0.022562 0.0394836 0.0530208 0.0811014 0.158364 0.0811607 0.0784705 0.0157934 0.0278708 0.0383868
122 R 3.30298 0.0295757 0.0118418 0.0324804 0.021176 0.0757877 0.0282439 0.0205526 0.0139609 0.0408088 0.414944 0.0224556 0.0071051 0.00817853 0.0252626 0.0757392 0.0482895 0.0236837 0.0221402 0.0594012 0.0183728
123 L 3.9268 0.030844 0.0487744 0.0429363 0.0332321 0.0379526 0.0432971 0.0224904 0.0291476 0.0188292 0.203021 0.0506035 0.0253017 0.0488585 0.0322022 0.133779 0.0282052 0.0340192 0.093001 0.0145884 0.0289163
124 H 4.00718 0.0333323 0.0135412 0.0635319 0.0284144 0.0217806 0.0165074 0.124109 0.0202785 0.031745 0.0157416 0.0148567 0.0672088 0.107593 0.103171 0.0788688 0.0316549 0.0825371 0.0275124 0.0619028 0.0557126
125 T 3.99599 0.0980708 0.0249142 0.0117956 0.07618 0.00812587 0.0643298 0.0203147 0.0479652 0.0203147 0.0115323 0.0507867 0.127397 0.0604297 0.0406293 0.0739344 0.0785446 0.101743 0.0146717 0.0296256 0.0386946
126 L 3.63588 0.0253847 0.0246415 0.0288462 0.00288462 0.016629 0.0210703 0.0196998 0.00351171 0.0484616 0.161949 0.181731 0.0242308 0.101246 0.0314103 0.033307 0.0101757 0.034793 0.0558197 0.161539 0.0126697
127 D 3.50362 0.0194718 0.0256208 0.121944 0.0440633 0.0164458 0.0452024 0.0608493 0.01536 0.0161287 0.0194718 0.0202831 0.0278168 0.0298038 0.0316924 0.0156024 0.340132 0.01536 0.00880714 0.0608493 0.0650946
128 P 3.868 0.0267469 0.034726 0.0288386 0.0258922 0.0386534 0.0248043 0.0103569 0.155785 0.0190433 0.0338547 0.0298153 0.030274 0.197286 0.101564 0.0655936 0.03089 0.0548405 0.0268337 0.030274 0.0339277
129 A 3.84368 0.160177 0.0420524 0.0312651 0.107864 0.0225599 0.0226812 0.013477 0.0172332 0.0133166 0.0381339 0.0332915 0.0193696 0.0422998 0.0385722 0.0914793 0.163298 0.0194877 0.0588734 0.00760949 0.0569581
130 T 3.91077 0.0397677 0.0154939 0.0393307 0.0129116 0.0486951 0.0234541 0.170433 0.0278258 0.0667676 0.0664532 0.0415157 0.0639124 0.0236712 0.0426082 0.01959 0.0522495 0.170843 0.0309878 0.0170433 0.0264465
131 C 3.99852 0.0359754 0.216505 0.033665 0.0276734 0.0925081 0.0479672 0.0359754 0.0507888 0.0490573 0.0329459 0.0579116 0.0232456 0.0363541 0.0193714 0.0588688 0.0527081 0.0268357 0.0239836 0.0392459 0.0384144
132 P 3.95635 0.0955934 0.0380936 0.0270067 0.0452362 0.0134033 0.0143933 0.0406202 0.0100525 0.0265385 0.0559283 0.0411238 0.0413181 0.181457 0.0851504 0.0361889 0.0374587 0.0868534 0.0294561 0.0804198 0.0137079
133 F 3.7746 0.0148957 0.0289638 0.00766689 0.0355465 0.261348 0.0312809 0.0473953 0.0213279 0.0165884 0.0688298 0.0651686 0.0545598 0.048019 0.0521349 0.0178894 0.032083 0.0281303 0.116854 0.0212401 0.0300778
134 D 3.62499 0.0132035 0.0792209 0.158875 0.0257928 0.0257928 0.0612642 0.0466005 0.0149122 0.00772887 0.0170475 0.0792209 0.0734242 0.0218144 0.251948 0.0200559 0.0123998 0.0158442 0.0174555 0.0154577 0.0419405
135 H 3.62971 0.0208505 0.0184331 0.0672133 0.0167353 0.0229168 0.0173754 0.212611 0.0129256 0.0156196 0.0315106 0.00662438 0.0415648 0.0427941 0.0361918 0.052227 0.0131315 0.0293164 0.0270171 0.21198 0.102962
136 Q 3.76022 0.0148371 0.0243163 0.0141955 0.10067 0.0270953 0.0140687 0.0668478 0.0180227 0.0978374 0.00890225 0.0177045 0.0371377 0.0291796 0.17562 0.16161 0.0437694 0.0870804 0.0164779 0.0291796 0.015448
137 A 2.98959 0.0190551 0.00625039 0.00142761 0.017151 0.0660854 0.00354259 0.00131027 0.375426 0.0235446 0.0525437 0.0688679 0.00425111 0.00354989 0.00824061 0.125424 0.0124221 0.00272602 0.0616637 0.00325617 0.143262
138 K 3.81074 0.0465605 0.0419358 0.021567 0.0431339 0.0156175 0.0297965 0.0196916 0.0566133 0.227068 0.0186491 0.0226453 0.0319699 0.0259864 0.0336317 0.162493 0.0375816 0.0480355 0.0337271 0.0131277 0.0701686
139 H 3.98458 0.0721219 0.0187418 0.0567573 0.0236289 0.0685789 0.0149574 0.156062 0.0175276 0.0397937 0.0379408 0.0414819 0.119446 0.0561409 0.0962209 0.0518524 0.022571 0.0163744 0.0288759 0.0155557 0.0453708
140 R 3.82985 0.0291979 0.050826 0.0457434 0.0277233 0.0373415 0.0655313 0.0408423 0.0363868 0.0375505 0.0702201 0.0138616 0.026595 0.0267505 0.021992 0.229301 0.134943 0.0195386 0.0184822 0.00618154 0.0609912
141 I 3.11149 0.017125 0.0261835 0.0138725 0.0251485 0.0546437 0.0127447 0.0174643 0.0924529 0.016137 0.0148097 0.0118557 0.0115264 0.0260597 0.0388258 0.0140744 0.0169054 0.0378303 0.44953 0.0922113 0.010599
142 E 3.7847 0.0256495 0.0181684 0.0288943 0.218674 0.0242245 0.0749446 0.0293489 0.0673882 0.10901 0.0264885 0.0218021 0.0192371 0.0309303 0.145347 0.0191968 0.0324085 0.0162889 0.0486653 0.0198201 0.023512
143 R 3.65329 0.0139994 0.178259 0.0347259 0.0086081 0.0240509 0.0197644 0.0527139 0.00807447 0.00545692 0.0622155 0.0659792 0.00611175 0.05899 0.0107224 0.0765139 0.0417936 0.226446 0.0368813 0.0359515 0.0327415
144 A 3.66715 0.222982 0.0336076 0.0222327 0.161692 0.0227195 0.057805 0.0555817 0.0240663 0.0330017 0.0250509 0.0130781 0.0322213 0.0437917 0.0109341 0.0188905 0.143528 0.0164687 0.0314614 0.00717184 0.0237149
145 R 3.78982 0.0442402 0.0290326 0.0175486 0.00940104 0.0501389 0.0493555 0.100811 0.0168737 0.0182798 0.0755256 0.0175486 0.155544 0.0211352 0.0205648 0.131858 0.0365596 0.0253105 0.0179474 0.0087743 0.15355
146 T 3.64994 0.0212414 0.0869188 0.00784297 0.108348 0.00456804 0.00664098 0.0413935 0.120368 0.0589277 0.163665 0.0226575 0.012434 0.00566437 0.0949306 0.0451685 0.0205562 0.0282395 0.138163 0.00755249 0.00472031
147 R 3.84421 0.0179382 0.0667407 0.0123325 0.060054 0.0340208 0.0798406 0.0249773 0.00986602 0.0182704 0.0718216 0.0375848 0.0259632 0.0519264 0.0763821 0.197873 0.12876 0.0113403 0.0250928 0.0123325 0.0368823
148 M 3.73583 0.021457 0.0137545 0.0212867 0.03193 0.0140492 0.0211746 0.0262953 0.126217 0.0683678 0.0524504 0.179211 0.0121915 0.0198676 0.0329383 0.0178808 0.0190533 0.0400317 0.083962 0.178808 0.0190729
149 E 3.88773 0.00843257 0.0548766 0.0231869 0.0349378 0.0200699 0.0276982 0.108592 0.096666 0.0736544 0.0923954 0.0932543 0.150004 0.0131139 0.0432623 0.0313753 0.0178844 0.00413036 0.0676094 0.0116568 0.0271992
150 A 3.37088 0.101601 0.0638185 0.0238491 0.0480805 0.0346754 0.0181926 0.389218 0.00641511 0.0251155 0.00605127 0.0247217 0.0178868 0.0300581 0.0506794 0.0243438 0.0439066 0.0207157 0.0435748 0.0130786 0.0140177
151 G 3.7774 0.0183441 0.0508284 0.0642043 0.199747 0.0395103 0.128721 0.0245487 0.0201122 0.00997348 0.00790207 0.0398509 0.130121 0.02389 0.0350205 0.0759695 0.0229053 0.0260068 0.0578329 0.0108514 0.0136605
152 L 3.94318 0.0263486 0.0269878 0.0153651 0.0243021 0.0147459 0.0273664 0.0188204 0.0190714 0.059598 0.179255 0.112923 0.0525865 0.060291 0.0288377 0.0855102 0.0212501 0.0236143 0.0622586 0.08127 0.059598
153 V 3.14066 0.0103255 0.0331166 0.0086734 0.00628074 0.228795 0.00997644 0.0175982 0.0892545 0.0121428 0.106659 0.276585 0.00570083 0.106909 0.00498164 0.00732595 0.0060616 0.0107385 0.0404225 0.0119047 0.00654757
154 D 3.92924 0.0362455 0.0155338 0.186864 0.0476851 0.050186 0.0862702 0.0319552 0.01885 0.0345195 0.0361513 0.0621351 0.0378213 0.0272277 0.018275 0.13158 0.0340639 0.0125198 0.0566672 0.0133147 0.0621351
155 Q 2.98203 0.00175813 0.110099 0.00109025 0.114238 0.00444845 0.0089919 0.00240988 0.0713774 0.00170264 0.0188172 0.055888 0.000922043 0.00445045 0.00559751 0.00319288 0.00416434 0.0645094 0.113423 0.363246 0.049672
156 D 3.90871 0.0450131 0.0251948 0.174907 0.029071 0.0134174 0.0098268 0.0796291 0.024918 0.0118927 0.0265792 0.0373769 0.0726774 0.0378273 0.114279 0.0292185 0.0524347 0.065821 0.0162256 0.0256508 0.10804
157 D 3.74821 0.0271066 0.0331457 0.273636 0.0140626 0.0606254 0.108663 0.027981 0.0139905 0.0223618 0.028503 0.0227345 0.0656775 0.0233841 0.0272814 0.0337186 0.0613832 0.0205344 0.0347978 0.0209857 0.079427
158 L 1.49201 0.000597217 0.00172343 0.00256306 0.00192229 0.686853 0.00163599 0.00341741 0.000618669 0.00102522 0.00761309 0.00534899 0.00139803 0.00197425 0.00253061 0.00308881 0.00148225 0.0046135 0.00248038 0.181583 0.0875314
159 D 3.92907 0.032137 0.0271928 0.163506 0.0967881 0.0173571 0.0524433 0.0299676 0.0185023 0.00870171 0.018421 0.0261051 0.0798428 0.00679821 0.0423784 0.0845271 0.0208547 0.070992 0.0892746 0.0326314 0.0815785
160 E 3.06502 0.0256461 0.0519054 0.242487 0.058262 0.0125831 0.0397679 0.010943 0.0108273 0.0167537 0.0222126 0.019399 0.0109119 0.0130943 0.36858 0.0387979 0.0124304 0.00898977 0.0138094 0.00831385 0.0142847
161 E 3.92602 0.133222 0.0200968 0.0428732 0.179134 0.0680527 0.0516544 0.0436671 0.0168282 0.0561435 0.0224859 0.0267957 0.0131628 0.0431873 0.082294 0.0779294 0.0175585 0.0159975 0.0363893 0.0238184 0.0287097
162 H 1.98307 0.00781752 0.0120893 0.0107714 0.00702627 0.00666032 0.0691899 0.0457097 0.0074734 0.011786 0.00564062 0.00883951 0.698594 0.00243578 0.00598961 0.0152236 0.00683508 0.0102481 0.012865 0.0456708 0.00913416
163 Q 3.1652 0.0402982 0.0111601 0.00452272 0.019867 0.0708162 0.00248067 0.00575258 0.233277 0.0111084 0.145419 0.200239 0.00378696 0.0035547 0.00822781 0.00425067 0.00696446 0.0207781 0.153782 0.00892642 0.0447872
164 G 3.78098 0.0163273 0.0831809 0.0473491 0.0265509 0.00866142 0.237631 0.0887796 0.0124603 0.0322835 0.00970269 0.0315661 0.0460339 0.0254726 0.0219209 0.0439125 0.0562058 0.0238918 0.116929 0.0507312 0.0204091
165 L 3.83317 0.00973591 0.0789616 0.00556067 0.0222636 0.148612 0.00497657 0.0125336 0.063798 0.00867709 0.0564417 0.074595 0.0303232 0.035937 0.0361546 0.0123129 0.018312 0.0823151 0.115185 0.0705014 0.112802
166 A 3.97273 0.105568 0.0335346 0.0437487 0.0641948 0.0171572 0.0219137 0.0368881 0.0403249 0.0773991 0.142226 0.0263486 0.0210789 0.0115594 0.0351315 0.0364327 0.113379 0.0918438 0.0526973 0.0117105 0.0168631
167 P 3.29535 0.0519352 0.0298396 0.00376673 0.010224 0.0137109 0.0322977 0.019587 0.117464 0.00829288 0.370438 0.0504977 0.00445159 0.0488761 0.0310128 0.0207741 0.0168577 0.0274038 0.110177 0.0097935 0.0226004
168 A 3.67677 0.0471462 0.00831867 0.00608246 0.0353543 0.0182474 0.014886 0.0447821 0.0790486 0.0437108 0.040473 0.0785652 0.00798968 0.00805797 0.0824934 0.0289008 0.276206 0.080575 0.0278291 0.0520494 0.0192842
169 E 3.84666 0.0403202 0.00958517 0.105143 0.206935 0.0368002 0.0600638 0.0111395 0.022279 0.083959 0.0157371 0.0257601 0.0461906 0.0233299 0.057511 0.024355 0.0213187 0.0213858 0.101828 0.0686937 0.0176641
170 L 3.75228 0.0200298 0.180583 0.0290909 0.0426215 0.0173643 0.0234965 0.0254545 0.016814 0.0185124 0.204209 0.0678787 0.0290909 0.0770229 0.0175982 0.0976337 0.0221 0.0174545 0.022081 0.0339393 0.0370247
171 F 3.80458 0.0248502 0.0173557 0.0297526 0.00896237 0.18277 0.0433893 0.0867785 0.012149 0.0260336 0.144064 0.0318911 0.00934538 0.0400028 0.0275071 0.117523 0.0427856 0.0120155 0.0563085 0.0662672 0.0202483
172 A 3.73943 0.124361 0.00459603 0.0399621 0.126526 0.0367682 0.0271453 0.048984 0.00567745 0.0638191 0.0158723 0.00930696 0.0220609 0.00976656 0.0863254 0.166253 0.0413643 0.0260442 0.116288 0.00902493 0.0198548
173 R 2.8069 0.0270818 0.0165376 0.00211845 0.107929 0.00233029 0.00865538 0.0197179 0.00181581 0.00466059 0.128894 0.450841 0.00532639 0.0132338 0.0956908 0.0466164 0.0286077 0.0044153 0.016645 0.00852547 0.0103569
174 L 3.71685 0.00958184 0.117378 0.0259891 0.0136 0.0234223 0.0198512 0.0234223 0.0125477 0.037643 0.211311 0.172473 0.0337281 0.0653185 0.0395251 0.054652 0.0527001 0.0202138 0.0182424 0.0159697 0.0324309
175 K 3.37012 0.00962281 0.0194115 0.00730406 0.0205504 0.0126299 0.0181114 0.00494887 0.0866053 0.0866672 0.260562 0.0168399 0.00866053 0.0115474 0.0906025 0.0387785 0.00821257 0.0219002 0.21437 0.0433027 0.0193722
176 A 3.94966 0.201766 0.0206333 0.0564272 0.0306877 0.0670584 0.0328966 0.0358257 0.0188149 0.0125734 0.0529408 0.0251469 0.0633839 0.0275111 0.0451617 0.0785289 0.107293 0.0249391 0.0333376 0.0182886 0.0467849
177 R 3.55653 0.0500806 0.0767265 0.010817 0.0298225 0.0316259 0.0557801 0.0410696 0.05156 0.00129434 0.0529424 0.024803 0.119564 0.000491189 0.0118603 0.00195619 0.0963102 0.273303 0.00671948 0.030194 0.0330791
178 M 3.79174 0.0041946 0.0404783 0.00739775 0.0299909 0.160571 0.013345 0.0858961 0.0129238 0.0548667 0.0493184 0.0245588 0.00352274 0.124021 0.076326 0.0800858 0.00339438 0.0261537 0.0339897 0.0595307 0.109434
179 P 3.68493 0.0163465 0.0142088 0.00476684 0.0258601 0.0307858 0.0102619 0.0134338 0.175919 0.0282968 0.1037 0.0268676 0.00869247 0.148158 0.108603 0.0887493 0.0374575 0.100754 0.0306696 0.0144874 0.0119815
180 D 4.06529 0.066785 0.0193551 0.10863 0.0321492 0.136615 0.0336662 0.020844 0.0832271 0.0202081 0.0232575 0.0216778 0.0426448 0.0518381 0.0243322 0.0619364 0.0564525 0.0503625 0.0179226 0.0541944 0.0739014
181 G 3.75747 0.0299125 0.069637 0.00676155 0.0143907 0.0284292 0.125418 0.0156361 0.015834 0.00926583 0.0327902 0.125089 0.0117271 0.0135231 0.014841 0.0440825 0.0695982 0.0685418 0.162212 0.0208481 0.121463
182 E 3.91148 0.0750364 0.0414865 0.0250121 0.216379 0.0287639 0.0603024 0.00862918 0.0173116 0.0539324 0.0218856 0.0113542 0.0688499 0.0258875 0.0325307 0.079654 0.0384741 0.0724024 0.0663783 0.0287639 0.0269662
183 D 3.76329 0.0322355 0.0295143 0.276456 0.0189977 0.0434947 0.0671009 0.0233446 0.0211043 0.0333899 0.017772 0.0550933 0.0211897 0.0270951 0.0338292 0.117478 0.0211897 0.0256248 0.0236512 0.0550933 0.0563455
184 L 3.73053 0.024491 0.0217448 0.0239134 0.0272562 0.0126741 0.0291359 0.0352059 0.0226323 0.0394615 0.211901 0.0372768 0.0191204 0.0853334 0.147706 0.138331 0.0246283 0.0113567 0.0107773 0.0352059 0.0418485
185 V 3.5857 0.0493049 0.0103837 0.0120357 0.189132 0.0211828 0.0236416 0.0173224 0.0304789 0.0203681 0.080238 0.0567397 0.0103837 0.0144428 0.0278721 0.0534021 0.0327371 0.0231687 0.265697 0.0283699 0.0330982
186 V 3.82947 0.138417 0.0134473 0.0295527 0.0470654 0.0453845 0.0689563 0.0317692 0.0228281 0.0176495 0.0677742 0.0264743 0.0176495 0.0350902 0.0949423 0.0259748 0.00870388 0.043445 0.212325 0.0302563 0.0222941
187 T 3.74869 0.0616616 0.0210843 0.0235536 0.0124498 0.0181559 0.0200341 0.0927111 0.0152003 0.0167593 0.0172003 0.108935 0.108935 0.0208917 0.0108935 0.0343221 0.0789388 0.218479 0.0221906 0.0726237 0.0249788
188 H 3.86821 0.0176102 0.0672148 0.0458103 0.0116895 0.00753326 0.0214555 0.169992 0.0177203 0.012107 0.0660609 0.024214 0.098874 0.0809825 0.138933 0.0469147 0.021996 0.0462268 0.0186604 0.0376663 0.0483384
189 G 3.8355 0.034773 0.0486822 0.069546 0.0405685 0.0263147 0.244024 0.0165962 0.0252895 0.0251804 0.0524477 0.0608528 0.0243411 0.0390376 0.0124826 0.0440211 0.0946598 0.034773 0.0824893 0.0101421 0.013778
