# POSITION WT SITE_ENTROPY PI_A PI_C PI_D PI_E PI_F PI_G PI_H PI_I PI_K PI_L PI_M PI_N PI_P PI_Q PI_R PI_S PI_T PI_V PI_W PI_Y
1 M 4.1255 0.0582674 0.0384244 0.0428875 0.0448432 0.0404468 0.0380567 0.0546031 0.166843 0.0597222 0.0397837 0.0303351 0.0337056 0.0424691 0.0438173 0.0303351 0.0800846 0.027339 0.0154771 0.0606702 0.0518889
2 I 3.68197 0.0475725 0.0151934 0.00290982 0.0234604 0.109883 0.00223432 0.113693 0.0312805 0.216806 0.0230004 0.0312805 0.0437927 0.00364939 0.0354513 0.0196166 0.0147355 0.045183 0.0857518 0.0250244 0.109482
3 E 3.67822 0.00815409 0.00996612 0.0203852 0.0163082 0.184826 0.00865743 0.164247 0.0224238 0.0234838 0.0326164 0.00564514 0.105524 0.0387704 0.0678828 0.0709052 0.0382123 0.0510288 0.00774639 0.0163082 0.106909
4 Q 3.94428 0.00427339 0.00908096 0.0460102 0.124539 0.0484318 0.0787017 0.0322879 0.0312463 0.086335 0.0847557 0.0290591 0.082619 0.060732 0.0242159 0.0300277 0.00990651 0.0201799 0.108605 0.0817287 0.00726477
5 D 3.62017 0.0129164 0.00747195 0.00892989 0.0480366 0.0317904 0.0679889 0.0342312 0.0792866 0.169668 0.152408 0.000637849 0.0478967 0.044429 0.0325048 0.0111921 0.175621 0.042023 0.01186 0.0178598 0.00324723
6 G 3.58717 0.0252689 0.00117741 0.0222322 0.0221677 0.044349 0.00353222 0.00115338 0.0908744 0.125646 0.0102148 0.0347335 0.0668404 0.214028 0.00206046 0.00816976 0.0874529 0.085238 0.00956643 0.0867917 0.0585024
7 L 3.44655 0.0341204 0.287172 0.0102179 0.110539 0.00685674 0.117061 0.00620372 0.00228558 0.116916 0.043426 0.0579014 0.00949944 0.0284761 0.0325695 0.0289507 0.0382563 0.00620372 0.043426 0.0140496 0.00586838
8 H 3.36055 0.0248598 0.0248598 0.0256885 0.121032 0.00535177 0.0454901 0.0321106 0.00802766 0.00802766 0.0744383 0.0715608 0.0192664 0.369272 0.0214071 0.0353872 0.0242146 0.0058383 0.0401383 0.0160553 0.0269729
9 A 3.858 0.0465586 0.00775976 0.0107443 0.0517318 0.0139676 0.0832682 0.0163584 0.105132 0.117948 0.118083 0.0232793 0.0570105 0.125018 0.0172439 0.04545 0.0377739 0.0118679 0.0864659 0.0116396 0.0126978
10 G 4.00981 0.0797222 0.0768749 0.0664351 0.0398611 0.0217424 0.119583 0.0367948 0.01435 0.0326136 0.0291666 0.0652272 0.0193919 0.035875 0.0620061 0.047996 0.016364 0.0398611 0.154462 0.0199305 0.0217424
11 S 3.48912 0.00189833 0.0724462 0.0145238 0.013325 0.068767 0.00465396 0.0526633 0.113165 0.00179228 0.0969984 0.076423 0.00125972 0.0299495 0.055276 0.185798 0.00293934 0.0156988 0.0192393 0.000653188 0.172531
12 P 3.98559 0.0795515 0.0267878 0.0556361 0.0107151 0.0432725 0.017309 0.0238113 0.00595284 0.0253779 0.0588576 0.0803633 0.0191341 0.160727 0.107151 0.0502271 0.0253779 0.0602725 0.0450034 0.0401816 0.0642906
13 A 3.94675 0.0584827 0.0163751 0.0655006 0.0552336 0.0132058 0.0280717 0.0614068 0.0239929 0.144487 0.121839 0.00556978 0.021931 0.0108805 0.0428873 0.0633562 0.0781591 0.0753777 0.0489128 0.0584827 0.00584827
14 A 3.95229 0.063127 0.0573882 0.0210423 0.0473453 0.0315635 0.04878 0.0413591 0.0210423 0.126254 0.00420847 0.126254 0.0236726 0.0946905 0.0157818 0.0518852 0.104836 0.0695467 0.0151505 0.0210423 0.0150302
15 W 3.77903 0.0301716 0.097715 0.0097715 0.0234516 0.00852785 0.162858 0.0370288 0.0156344 0.0260573 0.124587 0.0111674 0.0240529 0.019543 0.078172 0.0412984 0.0598764 0.0364803 0.0183934 0.156344 0.0188691
16 V 3.54599 0.0857132 0.0233987 0.01034 0.0416185 0.001645 0.0565742 0.004935 0.0040425 0.271425 0.0183212 0.0203569 0.0573009 0.00697951 0.0439896 0.133862 0.0674686 0.0758394 0.0271425 0.0399995 0.00904751
17 E 4.0157 0.00880847 0.0200193 0.0707824 0.110106 0.036702 0.0521554 0.0537102 0.017855 0.00440424 0.0346909 0.0323841 0.0943765 0.0872267 0.080077 0.0700674 0.110106 0.0275265 0.0229387 0.036702 0.0293616
18 R 3.4321 0.0124768 0.0141083 0.0838438 0.157207 0.0174675 0.0407574 0.042421 0.0200362 0.314414 0.0244545 0.0125766 0.0407574 0.0186517 0.0049907 0.0524024 0.0505309 0.00561454 0.0126154 0.065503 0.00917042
19 L 3.80175 0.0249933 0.00735098 0.0220529 0.0434667 0.199947 0.0142367 0.0208278 0.0277704 0.00694259 0.124967 0.104139 0.0499866 0.0249933 0.0357047 0.0499866 0.0150822 0.0163 0.0446309 0.0833111 0.0833111
20 F 3.82545 0.0386222 0.114468 0.0452547 0.166963 0.0212963 0.00626363 0.0359376 0.0288127 0.131807 0.0189301 0.0253528 0.00798613 0.0532408 0.0319445 0.128978 0.0173342 0.0504965 0.0266204 0.0319445 0.0177469
21 G 4.00807 0.0479699 0.0469909 0.102793 0.0822341 0.00715079 0.164468 0.0176216 0.0266052 0.0677222 0.025584 0.0548228 0.0348872 0.037138 0.0109646 0.0370424 0.0804845 0.0261654 0.05169 0.0411171 0.0365485
22 Y 3.8358 0.0206549 0.127191 0.0464736 0.0328049 0.0159338 0.0214494 0.102242 0.0211244 0.00546748 0.0514176 0.0244598 0.0417314 0.0132782 0.0464736 0.0238326 0.106616 0.0328049 0.0646589 0.0154912 0.185894
23 D 3.94607 0.0261349 0.0361311 0.102164 0.04919 0.0133257 0.030373 0.192976 0.0729741 0.0222095 0.0468751 0.00851365 0.0446966 0.0467034 0.0350276 0.051669 0.0306491 0.0939907 0.0199886 0.0180289 0.0583793
24 W 3.98404 0.0167789 0.0641976 0.0307613 0.0123045 0.0291423 0.0728558 0.0307613 0.0119076 0.0431968 0.092284 0.0527337 0.0410151 0.0146483 0.0527337 0.088329 0.046142 0.047851 0.0319006 0.184568 0.0358882
25 A 3.94476 0.0653033 0.0326517 0.0635848 0.152374 0.0130607 0.0206221 0.0362796 0.0515553 0.0827175 0.0158103 0.097955 0.00906991 0.0138522 0.0565962 0.0208608 0.0593667 0.0373162 0.121495 0.0186581 0.0308707
26 Q 3.9314 0.0147491 0.0099913 0.0290372 0.0582399 0.0344145 0.0185838 0.107373 0.0368726 0.0950926 0.1318 0.0187715 0.0242926 0.0384417 0.103243 0.092919 0.0326032 0.0137658 0.0172072 0.0967907 0.0258108
27 Q 3.03214 0.00484097 0.0186191 0.00744765 0.0100854 0.0213003 0.0101323 0.018826 0.41092 0.0134471 0.00290458 0.0242049 0.0887511 0.0300925 0.0484097 0.021811 0.0166408 0.0512242 0.175129 0.0161366 0.00907682
28 T 3.90864 0.142194 0.0135573 0.024855 0.0116965 0.026512 0.0150068 0.136703 0.0176747 0.0235469 0.0216131 0.0994202 0.0462419 0.0592697 0.0331401 0.0953896 0.035582 0.0994202 0.019884 0.0397681 0.0385253
29 I 3.93826 0.0162983 0.0302935 0.0241927 0.0309667 0.0387084 0.0547872 0.0258056 0.154833 0.0273236 0.0863006 0.154833 0.00573457 0.0281515 0.0696751 0.0240852 0.0728025 0.0258056 0.060587 0.0344074 0.0344074
30 G 3.94669 0.0323983 0.139313 0.0290235 0.0217676 0.0598609 0.174141 0.0278625 0.0219967 0.019349 0.0211997 0.0507911 0.031662 0.0217676 0.0331697 0.0674093 0.0880272 0.0217676 0.0736749 0.0261211 0.0386979
31 C 1.40957 0.00168157 0.00840784 0.00280261 0.00200187 0.00210196 0.00210196 0.0023194 0.00197832 0.735336 0.0202358 0.00194027 0.000934205 0.00376903 0.168694 0.0265688 0.00691056 0.00303617 0.00553687 0.00140131 0.00224209
32 S 3.91756 0.0140983 0.0395304 0.0287494 0.0203641 0.0183277 0.0733109 0.0219933 0.118591 0.0366555 0.0428947 0.0183277 0.0114548 0.0333231 0.0328959 0.0996771 0.183277 0.0646861 0.0763655 0.0333231 0.0321539
33 D 3.04289 0.0245495 0.00618788 0.0238675 0.00742546 0.00387041 0.128677 0.0114918 0.00367193 0.0153434 0.0238675 0.00207544 0.00701987 0.134365 0.0198896 0.0397792 0.139369 0.364832 0.0147496 0.0126358 0.0163304
34 A 3.90043 0.158481 0.0198101 0.0365726 0.0566004 0.0396203 0.0528271 0.0554684 0.0126785 0.0243817 0.0231924 0.013781 0.00932242 0.0697317 0.128004 0.0828424 0.0975269 0.0111215 0.0590947 0.0396203 0.00932242
35 A 3.70999 0.0361077 0.0161862 0.00624083 0.0492377 0.120359 0.0154747 0.0618989 0.0388157 0.0114024 0.0104039 0.0180538 0.0922752 0.0164126 0.0435782 0.0208747 0.126377 0.225043 0.0370969 0.0361077 0.0180538
36 V 3.6495 0.0398492 0.0255444 0.0766331 0.221385 0.0218952 0.116665 0.00806665 0.0180313 0.0243833 0.103015 0.0399825 0.0153266 0.0063861 0.026655 0.0239479 0.0170296 0.0144982 0.153266 0.0255444 0.0218952
37 F 3.85782 0.0212229 0.0286509 0.0373708 0.0477516 0.214882 0.0206617 0.0182878 0.0406534 0.0495882 0.0632006 0.107441 0.0402904 0.0221202 0.0429764 0.010568 0.120188 0.0195347 0.0495882 0.0306974 0.0143255
38 R 3.83849 0.0299234 0.0557085 0.0207802 0.0215794 0.00692672 0.0253588 0.0810426 0.0207802 0.0569196 0.0986113 0.0550063 0.0149617 0.0361977 0.0311702 0.187021 0.119571 0.0126082 0.0171579 0.0935107 0.0151639
39 L 3.79655 0.0361501 0.00994128 0.0378715 0.0238591 0.0795302 0.198826 0.0176734 0.0189358 0.0265101 0.15906 0.10604 0.0318121 0.041858 0.00883669 0.0318121 0.0415563 0.017352 0.0227229 0.0318121 0.0578402
40 S 3.28056 0.0124636 0.0193879 0.0193879 0.0118482 0.00844312 0.0117899 0.0387758 0.0396571 0.0149564 0.0133292 0.0124636 0.0172033 0.0116327 0.0436228 0.10443 0.0872455 0.329897 0.0248199 0.174491 0.00415455
41 A 3.30201 0.0937673 0.369386 0.0468837 0.0390697 0.0187535 0.00407684 0.0208372 0.00426215 0.0451472 0.00586046 0.0144257 0.080372 0.0214883 0.0707678 0.0171687 0.0809809 0.0386101 0.0180955 0.00334883 0.00669767
42 Q 3.72513 0.0376864 0.010837 0.0600551 0.15804 0.00790198 0.00711178 0.0147504 0.0180617 0.126432 0.0393172 0.0379295 0.00486276 0.107301 0.0632159 0.0819135 0.0907454 0.105627 0.015804 0.00819465 0.00421439
43 G 2.50956 0.0104969 0.0209938 0.0219066 0.0122464 0.016795 0.0419876 0.0178129 0.013496 0.0264366 0.00858837 0.00493972 0.0787267 0.007712 0.0179947 0.0306576 0.602405 0.0368982 0.016795 0.00763411 0.00547664
44 R 3.72503 0.0158454 0.0108175 0.0312507 0.011719 0.0125561 0.0956732 0.070314 0.0196879 0.173717 0.070314 0.070314 0.093752 0.0370074 0.0809676 0.140628 0.00453639 0.00540877 0.0133026 0.035157 0.0070314
45 P 3.74857 0.0421719 0.00843438 0.0498395 0.0891635 0.0109335 0.0147602 0.0421719 0.0156919 0.230941 0.0177566 0.0124035 0.0959775 0.0843438 0.0913725 0.0715645 0.0421719 0.0233568 0.013495 0.0153352 0.0281146
46 V 3.32784 0.195551 0.0673509 0.0287272 0.0156694 0.00281245 0.127413 0.00914048 0.00775556 0.00504302 0.0210231 0.0163898 0.0426556 0.0502726 0.018281 0.012656 0.0563053 0.276599 0.0365619 0.00522313 0.00457024
47 L 3.62824 0.00268403 0.0426761 0.0187176 0.00889086 0.164139 0.0139464 0.126089 0.0226313 0.0533451 0.0711269 0.0651996 0.0142254 0.0164139 0.0260798 0.0591184 0.00345276 0.0187176 0.0187176 0.0431842 0.210645
48 F 3.78503 0.0200124 0.0185569 0.0145805 0.0408253 0.204126 0.0219828 0.0110339 0.0486015 0.0340211 0.111069 0.0151205 0.0291609 0.0190518 0.140337 0.0316252 0.0782951 0.0185569 0.0368562 0.0226807 0.0835063
49 V 3.63036 0.0294497 0.0165599 0.217928 0.0778313 0.116747 0.0819277 0.0141511 0.00648594 0.0320482 0.0455014 0.0259438 0.0194578 0.0340512 0.00273092 0.0141511 0.0132479 0.015261 0.155663 0.0667126 0.0141511
50 K 3.69306 0.0329882 0.020526 0.0143682 0.00438055 0.0319293 0.0104117 0.0266078 0.0365857 0.179602 0.0120629 0.00748344 0.040962 0.0175222 0.0581067 0.199558 0.0619319 0.113433 0.0497694 0.0598675 0.0219027
51 T 3.90006 0.0655883 0.0281093 0.0801635 0.0874511 0.0112437 0.0158565 0.0187395 0.037479 0.012493 0.019747 0.0524706 0.0629648 0.0287949 0.174902 0.025665 0.0426044 0.131177 0.020869 0.0655883 0.0180933
52 D 3.11745 0.31954 0.0931304 0.0169946 0.0978133 0.00339892 0.0114453 0.00188829 0.123211 0.00113297 0.00944144 0.00509838 0.00906378 0.00493391 0.0543827 0.00151984 0.110816 0.0938397 0.0356886 0.00261455 0.00404633
53 L 3.83608 0.0575421 0.00397495 0.0189682 0.0339196 0.0588881 0.0059508 0.0953988 0.0112624 0.0982896 0.0211997 0.0635992 0.0311761 0.0125831 0.0325062 0.0937028 0.038229 0.0214353 0.131438 0.0165911 0.153345
54 S 3.91568 0.0303975 0.0383969 0.0100355 0.123772 0.0827932 0.057743 0.116052 0.0752666 0.0116201 0.0119342 0.110391 0.0344972 0.0183985 0.0380658 0.0551955 0.110391 0.0185922 0.0205814 0.0137989 0.0220782
55 G 3.35688 0.00238401 0.0536401 0.0561944 0.00715202 0.0314689 0.0786722 0.361892 0.0101513 0.00786722 0.0643682 0.0786722 0.00491701 0.00605171 0.0629378 0.053255 0.019668 0.00694166 0.0347621 0.019668 0.0393361
56 A 3.66827 0.0863982 0.00700526 0.097198 0.259195 0.00539989 0.0248944 0.0666934 0.0255995 0.0375645 0.0215996 0.0370278 0.0130412 0.0529909 0.120958 0.0241915 0.0291343 0.0268132 0.0350602 0.00959981 0.019636
57 L 3.77055 0.0214447 0.0744607 0.041698 0.0324919 0.0255294 0.016246 0.0397124 0.0393153 0.0433226 0.178706 0.0500376 0.0346742 0.12726 0.0198562 0.175396 0.0214019 0.00674361 0.00992809 0.016246 0.0255294
58 N 3.84738 0.0684334 0.0150553 0.22583 0.0501845 0.0250922 0.0270996 0.0711856 0.0602214 0.0260573 0.0541993 0.022583 0.112915 0.0192196 0.0376384 0.0544267 0.0305176 0.0162674 0.022583 0.00403268 0.0564576
59 E 3.86201 0.0379214 0.0707866 0.0479007 0.151685 0.151685 0.0288925 0.0758427 0.0606742 0.0337079 0.0533708 0.113764 0.00798345 0.0151685 0.0479007 0.0163984 0.0221979 0.0210674 0.0189607 0.00892267 0.0151685
60 L 3.93431 0.0248622 0.0141262 0.108772 0.0466166 0.00920822 0.00857317 0.0511869 0.0552493 0.00591957 0.124311 0.104683 0.0261707 0.0644576 0.0248622 0.0695446 0.0363156 0.0345308 0.124311 0.0248622 0.041437
61 Q 3.9907 0.0244045 0.0139454 0.0951077 0.139454 0.0127833 0.0366825 0.0575248 0.0398839 0.0958747 0.00786665 0.0712212 0.0345149 0.0246018 0.0766998 0.0606464 0.0172845 0.0287624 0.0412999 0.0255666 0.0958747
62 D 3.34642 0.0178922 0.0209646 0.0943407 0.401973 0.0353778 0.0330193 0.0257293 0.0228705 0.0471704 0.0235852 0.0471704 0.0273892 0.0200117 0.00589629 0.0245679 0.0110989 0.00975938 0.0263599 0.0314469 0.0733761
63 E 3.94776 0.0788663 0.0125598 0.0618887 0.142344 0.0388211 0.0390748 0.0406697 0.037459 0.00749179 0.102674 0.142344 0.0328486 0.0182492 0.0744071 0.0428982 0.0256219 0.0231309 0.0371332 0.023724 0.017793
64 A 3.88382 0.142666 0.166444 0.026204 0.114133 0.0158518 0.036315 0.071333 0.0274358 0.0432322 0.0225262 0.0285332 0.0203809 0.00419606 0.0285332 0.0162531 0.0721345 0.0399465 0.0534998 0.0475554 0.0228266
65 A 3.18717 0.0972529 0.0544616 0.0203917 0.0138933 0.0303915 0.00607831 0.0121566 0.0162088 0.0324176 0.0129671 0.0486264 0.0127964 0.040522 0.0118281 0.0180388 0.0285416 0.022443 0.438976 0.0583517 0.0236561
66 R 3.94458 0.0182063 0.0288266 0.0432399 0.0379667 0.0406964 0.0358973 0.0314472 0.0254352 0.0300799 0.0703565 0.0288266 0.0778318 0.125247 0.0298206 0.17296 0.105863 0.0257599 0.0446347 0.017296 0.00960887
67 L 3.94248 0.0310737 0.0274484 0.0176454 0.0592886 0.0126685 0.0598875 0.087835 0.029063 0.0463192 0.164691 0.0548969 0.0141163 0.093086 0.0449156 0.127719 0.039212 0.0179012 0.0205863 0.0343105 0.0173359
68 S 3.90052 0.0769127 0.0101736 0.0130804 0.0915628 0.0203473 0.0443941 0.0261608 0.0506005 0.0676768 0.0130804 0.0114453 0.0801174 0.00597149 0.141506 0.123779 0.0915628 0.0332956 0.0305209 0.0481909 0.0196206
69 W 3.79174 0.0167128 0.233979 0.0250692 0.021838 0.0511829 0.0870619 0.00974912 0.0372239 0.0314972 0.0855407 0.0292474 0.010173 0.030519 0.0584947 0.0353176 0.0382466 0.0182796 0.0108827 0.116989 0.0519953
70 L 3.88917 0.0112758 0.0511471 0.0679491 0.0189434 0.0266391 0.0259708 0.0218577 0.0129159 0.0129159 0.142075 0.184698 0.0355188 0.0473584 0.0532783 0.0439757 0.0432403 0.024126 0.0577181 0.0947169 0.0236792
71 A 3.90171 0.143418 0.0460988 0.00896365 0.0395637 0.013038 0.0657335 0.0136589 0.010865 0.0207853 0.01856 0.0717092 0.0382449 0.0654736 0.0448183 0.0485416 0.11863 0.0176128 0.0286837 0.143418 0.0421819
72 T 3.75322 0.0174645 0.0336816 0.0571567 0.157181 0.0101407 0.0428675 0.0224544 0.0157181 0.0714458 0.00664144 0.00403028 0.0428675 0.0798788 0.0108401 0.0257205 0.139319 0.157181 0.0137221 0.0523936 0.0392952
73 T 3.81107 0.123455 0.0501743 0.0319861 0.0236934 0.0164031 0.0137575 0.0799653 0.0499783 0.0170593 0.0110297 0.0355401 0.0355401 0.0170593 0.038771 0.00245104 0.0444251 0.213241 0.0444251 0.0533102 0.0977353
74 G 3.64588 0.167821 0.123104 0.0141057 0.0376151 0.0123666 0.225691 0.0282113 0.00940378 0.0205173 0.0365985 0.0205173 0.0132759 0.0225691 0.0291214 0.0285875 0.0209404 0.0157459 0.0752303 0.0752303 0.0233473
75 V 3.77262 0.070581 0.0678131 0.0548963 0.00950128 0.0411722 0.0030498 0.0158355 0.113785 0.0260035 0.0934721 0.0548963 0.0149717 0.011934 0.144103 0.0346714 0.0192137 0.0387503 0.164689 0.00748586 0.0131751
76 P 3.72983 0.0117108 0.00695327 0.0104299 0.0185421 0.0309034 0.03806 0.0476796 0.0185421 0.0242732 0.117693 0.0556262 0.0151708 0.166879 0.143039 0.081664 0.0990417 0.0820714 0.0115089 0.0107664 0.00944595
77 C 3.458 0.00886266 0.141803 0.0327237 0.0141803 0.0496309 0.0607725 0.0327237 0.0137228 0.00905123 0.0241366 0.283605 0.0128911 0.00859409 0.00644557 0.0185536 0.0251109 0.0616533 0.0448742 0.141803 0.00886266
78 A 3.82478 0.1843 0.00708846 0.0307166 0.0815753 0.0115187 0.0340246 0.0409555 0.022116 0.0921499 0.0210628 0.0409555 0.00837727 0.0100986 0.0519155 0.145087 0.066834 0.0435618 0.0320521 0.0614333 0.0141769
79 A 3.19571 0.0358649 0.0105485 0.015101 0.0657524 0.00316455 0.0295793 0.019128 0.268172 0.263864 0.00298875 0.0107595 0.0469003 0.0136628 0.0421023 0.100621 0.032129 0.0300265 0.00262426 0.00512356 0.00188763
80 V 3.81187 0.0450969 0.077309 0.0240517 0.0163989 0.0128848 0.0450969 0.00949409 0.129879 0.0240517 0.077309 0.0601292 0.0240517 0.0231266 0.0313718 0.115964 0.00901938 0.0290948 0.180388 0.0601292 0.00515393
81 L 3.86052 0.0137236 0.00731927 0.0585542 0.194626 0.02516 0.0414759 0.0237382 0.0898274 0.0278569 0.109789 0.0784207 0.00844531 0.0536746 0.0308782 0.0727352 0.0281891 0.0598849 0.0476443 0.00609939 0.0219578
82 D 3.69465 0.00821953 0.0704531 0.164391 0.0528399 0.0365313 0.036904 0.052605 0.0102744 0.0117422 0.00976578 0.0547969 0.0352266 0.0304427 0.0469688 0.0117422 0.0263025 0.0465774 0.0202327 0.0273984 0.246586
83 V 2.06738 0.021109 0.00675489 0.00231332 0.0199576 0.692959 0.0225163 0.00952613 0.00926074 0.00941255 0.0332208 0.0506617 0.00675489 0.00361869 0.0105545 0.0273176 0.0227978 0.00422181 0.0337745 0.00482492 0.00844361
84 V 3.78435 0.0784715 0.0371453 0.0136626 0.0360197 0.0330181 0.0437681 0.0174802 0.0396217 0.0247635 0.0410224 0.0990542 0.0330181 0.0138215 0.257541 0.0184287 0.036728 0.0363199 0.0990542 0.0272399 0.0138215
85 T 3.92482 0.109972 0.0380741 0.0514001 0.0220286 0.015517 0.0271548 0.0541053 0.0607455 0.0171334 0.0587429 0.0132645 0.0708967 0.0146857 0.0514001 0.0357566 0.0388356 0.2056 0.0654183 0.0293715 0.0198968
86 E 4.02225 0.085034 0.0451415 0.0358477 0.135424 0.135424 0.0597461 0.0270849 0.00796615 0.0677122 0.0677122 0.0246226 0.0253921 0.0290195 0.0225707 0.041111 0.0174117 0.0238984 0.0620696 0.0451415 0.0416691
87 A 3.65772 0.092462 0.01486 0.0208785 0.0858576 0.0308207 0.0840564 0.0572384 0.00577887 0.063696 0.0120603 0.277386 0.0231155 0.034343 0.046231 0.018999 0.0660443 0.0145993 0.0110954 0.0147939 0.0256839
88 G 3.87916 0.0357355 0.111602 0.0575447 0.0393468 0.00852513 0.153452 0.0657653 0.0157387 0.0109609 0.0213827 0.115089 0.0375106 0.0204603 0.0219218 0.0703324 0.0752785 0.0157387 0.0937765 0.0170503 0.0127877
89 R 3.87493 0.0319421 0.0943202 0.0124121 0.0716649 0.0573319 0.137597 0.0508169 0.0198457 0.0090524 0.0565775 0.00859978 0.0147425 0.0591235 0.0264609 0.171996 0.061427 0.0277412 0.0491416 0.0114664 0.0277412
90 D 3.94133 0.0846071 0.0127885 0.198222 0.0792889 0.0247778 0.0556414 0.0349804 0.0148667 0.0436761 0.014623 0.0255771 0.045308 0.0180202 0.056635 0.0423552 0.0346103 0.103831 0.0237867 0.0457436 0.040661
91 W 4.03316 0.0196519 0.0545011 0.0309666 0.0262025 0.0182482 0.100186 0.0117459 0.050093 0.035856 0.0729926 0.0486617 0.056772 0.0212895 0.0601116 0.0758681 0.0454176 0.0364963 0.028386 0.170316 0.0362375
92 L 3.83683 0.0232178 0.0426705 0.0187953 0.0175423 0.0292372 0.0375906 0.0424411 0.0584743 0.0318951 0.263135 0.0375906 0.0469883 0.0690189 0.0920971 0.0478426 0.036181 0.0239213 0.0122388 0.0513433 0.0177794
93 L 4.02019 0.0251294 0.0262892 0.017088 0.0155345 0.0517817 0.0435575 0.0512639 0.0244114 0.0244114 0.17088 0.0854398 0.0512639 0.1068 0.031069 0.0732341 0.040207 0.0415653 0.043398 0.0569599 0.0197169
94 L 3.70977 0.0251994 0.019376 0.0159127 0.0487988 0.0548987 0.0168919 0.0137247 0.0182996 0.0274493 0.219595 0.131757 0.0168919 0.140541 0.0343117 0.0666627 0.0149239 0.0749835 0.0162663 0.0274493 0.0160679
95 G 3.8307 0.0183684 0.0698654 0.0203774 0.0815096 0.0174663 0.163019 0.0181133 0.0543398 0.142642 0.0366793 0.00835996 0.0271699 0.0210347 0.0345798 0.0815096 0.072453 0.0104055 0.0956852 0.0159043 0.0105174
96 E 3.79859 0.035602 0.0335838 0.135627 0.162752 0.0258924 0.0651008 0.0434005 0.0187791 0.0312985 0.0318428 0.0232503 0.061032 0.00957365 0.179027 0.0158782 0.0260403 0.0180836 0.0227853 0.0465006 0.0139502
97 V 3.90222 0.0542851 0.0129069 0.0310573 0.060847 0.0112087 0.0476368 0.0236627 0.0626366 0.0327638 0.073946 0.0266206 0.0193604 0.0154322 0.0709882 0.0941006 0.0304235 0.0253529 0.212965 0.0709882 0.0228176
98 P 3.85575 0.015627 0.0484264 0.0419695 0.0116582 0.0449674 0.0336793 0.0299782 0.0131155 0.0349746 0.0622985 0.0279797 0.0233164 0.209848 0.0233164 0.09572 0.0539608 0.141525 0.0226862 0.0299782 0.0349746
99 G 3.92111 0.0571173 0.0700986 0.0373859 0.0267042 0.0623098 0.186929 0.0133521 0.00849679 0.0311549 0.0236953 0.12462 0.0207699 0.0363474 0.0121911 0.0382356 0.0734366 0.0274896 0.076971 0.0415399 0.0311549
100 Q 3.82352 0.0196712 0.154091 0.0249878 0.0577842 0.022013 0.0111391 0.0132078 0.00550326 0.0321023 0.0433381 0.0385228 0.154091 0.071119 0.154091 0.0357313 0.0304127 0.0474127 0.0296329 0.0243302 0.0308182
101 D 3.82224 0.119776 0.0205677 0.185109 0.00385643 0.0205677 0.0323941 0.0154257 0.0165276 0.0176294 0.0255323 0.0647881 0.0504842 0.0213587 0.121033 0.0141304 0.0783153 0.0275162 0.0724339 0.0308515 0.061703
102 L 3.48493 0.0485845 0.0152694 0.0342842 0.0213772 0.00344793 0.0202217 0.0152694 0.008222 0.053443 0.106886 0.320658 0.0291507 0.0356286 0.0139416 0.0819947 0.0178143 0.0112512 0.0356286 0.106886 0.0200411
103 L 3.82865 0.00615399 0.0246159 0.0437617 0.0590783 0.0246159 0.0271624 0.00820531 0.00856207 0.051823 0.196928 0.147696 0.02541 0.045012 0.0246159 0.0317625 0.0640015 0.0351656 0.0510553 0.0984638 0.0259115
104 S 4.07021 0.0168434 0.0441137 0.0505303 0.0308796 0.0308796 0.0475071 0.0370555 0.0582301 0.0370555 0.0343107 0.0463194 0.0345852 0.0172351 0.0836738 0.0680612 0.185278 0.0350525 0.0343107 0.0463194 0.0617592
105 S 3.94457 0.0539331 0.034063 0.0190352 0.0215732 0.0453038 0.101125 0.0566297 0.0659182 0.0167379 0.0620858 0.0970796 0.0255473 0.0404498 0.0202249 0.0995688 0.161799 0.0373383 0.0140695 0.0219389 0.00557929
106 H 3.9464 0.0203847 0.0219906 0.075783 0.0676634 0.0947288 0.0352911 0.0947288 0.0128446 0.0142093 0.0135327 0.0394703 0.124332 0.120564 0.0610475 0.0498573 0.0776776 0.0221543 0.0182171 0.00789407 0.0276292
107 L 3.89162 0.0199596 0.0474041 0.0111539 0.0316027 0.0498991 0.0224546 0.0210685 0.0364647 0.0568849 0.189616 0.0541761 0.042137 0.165914 0.0351142 0.0395902 0.0139424 0.0270881 0.0711062 0.0258568 0.0385661
108 A 3.66316 0.132368 0.029415 0.0105894 0.0481337 0.0126064 0.136261 0.00630322 0.0203643 0.016898 0.0203643 0.0441226 0.0189097 0.207786 0.0246265 0.00650989 0.093436 0.0236371 0.093436 0.0361003 0.0181326
109 P 4.00849 0.0632324 0.0234863 0.0311035 0.0252929 0.0205505 0.0301967 0.0448375 0.0115371 0.0197285 0.0934847 0.0822021 0.0328808 0.164404 0.0751562 0.0505859 0.0365343 0.0725312 0.0769551 0.0259585 0.0193417
110 A 3.81105 0.151507 0.0313462 0.0555524 0.198452 0.0252511 0.00505022 0.0505022 0.0378766 0.0378766 0.026616 0.0699261 0.0197617 0.014528 0.0336681 0.0239221 0.0794306 0.0274382 0.0849915 0.00946916 0.0168341
111 E 3.9908 0.0987501 0.0740626 0.0362084 0.148125 0.0103343 0.0370313 0.049375 0.0338572 0.0987501 0.0902371 0.0389803 0.00987501 0.0208894 0.0784192 0.0326377 0.0229849 0.0341827 0.0408621 0.0148125 0.029625
112 K 3.74054 0.0266491 0.016074 0.0361666 0.137433 0.0413332 0.0235503 0.010773 0.0311589 0.253166 0.0516666 0.0460302 0.103863 0.0443041 0.0180833 0.0184121 0.0300967 0.026851 0.0253166 0.0421944 0.0168777
113 V 3.86981 0.0394004 0.093576 0.0244111 0.0322676 0.046788 0.0591006 0.07798 0.0275223 0.0179461 0.0496525 0.119097 0.0112291 0.0182587 0.00719815 0.0287926 0.0174095 0.0916662 0.187152 0.031192 0.0193605
114 S 3.12798 0.262895 0.337124 0.0233685 0.0157737 0.0143397 0.0376492 0.00404454 0.0145431 0.0146053 0.036646 0.0210316 0.0110693 0.0128077 0.0262895 0.0432426 0.052579 0.0113684 0.0300452 0.00309288 0.0274845
115 I 3.86107 0.0361928 0.0160857 0.0574826 0.0868627 0.047208 0.0180964 0.0255478 0.217157 0.0977205 0.0226205 0.0542892 0.0434313 0.010593 0.0197415 0.0374408 0.0445947 0.023604 0.094658 0.00835218 0.0383218
116 M 3.88171 0.0280431 0.0098151 0.0336518 0.0214148 0.0785208 0.0120801 0.0428295 0.128113 0.0184755 0.0293536 0.157042 0.048737 0.0117414 0.0235562 0.103581 0.023344 0.0685272 0.0548699 0.0942249 0.0120801
117 A 3.78204 0.174995 0.0499984 0.0174995 0.16896 0.0159086 0.0239719 0.0218743 0.01914 0.0124996 0.0079543 0.0874973 0.0139996 0.00958874 0.0812475 0.0393738 0.0860143 0.0374988 0.0345384 0.0318172 0.065623
118 D 3.79909 0.0423152 0.0599218 0.173108 0.090317 0.0117361 0.0192342 0.046162 0.0225792 0.0164864 0.012544 0.0458226 0.0523348 0.0101828 0.053723 0.0115405 0.0146288 0.0144256 0.173108 0.0577025 0.0721281
119 A 3.86465 0.237198 0.0508281 0.039533 0.0658883 0.0296498 0.0527107 0.0237198 0.0664154 0.0308049 0.0238602 0.0592995 0.0208068 0.0723655 0.0124841 0.0223772 0.0757439 0.0592995 0.00551623 0.0351404 0.0163585
120 M 3.73685 0.0215494 0.144142 0.0294167 0.0343195 0.0194786 0.0223823 0.0411834 0.0617751 0.0257396 0.234516 0.102958 0.0184797 0.0115828 0.0316795 0.0271539 0.0102958 0.0760997 0.0257396 0.0467993 0.0147083
121 R 3.98909 0.0117457 0.0340625 0.071589 0.0259524 0.0113542 0.0545 0.0104808 0.0309659 0.0545 0.0826434 0.13625 0.0778571 0.0363333 0.0247727 0.13625 0.0454167 0.0616369 0.0179953 0.0454167 0.0302778
122 R 3.63388 0.0265045 0.0141246 0.0614422 0.0230408 0.0491538 0.0525774 0.0441124 0.0310742 0.0573461 0.332733 0.0344939 0.0182051 0.0127436 0.0273077 0.081923 0.0391806 0.0247925 0.0263324 0.0273077 0.0156044
123 L 3.91276 0.0158381 0.0214765 0.119314 0.0383508 0.0123428 0.0223713 0.018839 0.0863995 0.0447426 0.17897 0.0461859 0.0325401 0.0304631 0.046021 0.121444 0.018839 0.0413009 0.0431998 0.0357941 0.0255672
124 H 3.92576 0.0283877 0.0268591 0.00831354 0.0365796 0.0170326 0.00954013 0.11639 0.0119374 0.0358122 0.00392324 0.0775931 0.137173 0.108799 0.0665083 0.0623188 0.0502073 0.0747344 0.0303625 0.0317426 0.0657854
125 T 3.94968 0.0493828 0.0271863 0.0174163 0.041283 0.0206415 0.0362485 0.0199043 0.0334392 0.0247698 0.0131134 0.185773 0.107553 0.0401102 0.0500159 0.0759982 0.0803344 0.0928867 0.0200836 0.0348325 0.0290271
126 L 3.85573 0.00827165 0.0343274 0.0390084 0.0396085 0.0143031 0.0361341 0.0163464 0.0228849 0.0223874 0.171637 0.0735586 0.0286061 0.0891191 0.0178788 0.051491 0.0201926 0.0253235 0.0600729 0.171637 0.0572123
127 D 3.64927 0.065438 0.0793188 0.118978 0.0291833 0.0396594 0.0396594 0.0169969 0.0148723 0.0151887 0.0311174 0.0237956 0.00849844 0.0214161 0.0321563 0.0206919 0.293946 0.0145095 0.0269684 0.0446168 0.0629885
128 P 3.83545 0.0124018 0.0496071 0.018898 0.055119 0.0330714 0.0273694 0.0160023 0.1436 0.0330714 0.0264571 0.0330714 0.0330714 0.198428 0.11112 0.0639007 0.0546133 0.0205271 0.00793714 0.0396857 0.0220476
129 A 4.09848 0.129551 0.033796 0.0431838 0.0712533 0.0697585 0.0339301 0.0287892 0.0127011 0.0235548 0.0317269 0.040911 0.0235548 0.0454567 0.0376117 0.0611092 0.125233 0.039862 0.0357383 0.0431838 0.0690941
130 T 3.78916 0.0338195 0.0343831 0.0214895 0.0429789 0.0202254 0.0182335 0.0343831 0.0208383 0.0322342 0.0748152 0.229221 0.0382035 0.0128535 0.0448476 0.0264486 0.0294713 0.171916 0.0268618 0.0573052 0.0294713
131 C 3.91847 0.040326 0.255398 0.0405394 0.0383097 0.0472959 0.0638495 0.0472959 0.0141888 0.0333128 0.0368908 0.0176137 0.0309573 0.025039 0.0425663 0.0567551 0.0622922 0.0522405 0.034827 0.0283775 0.0319247
132 P 3.77319 0.0723043 0.0374433 0.0204236 0.011521 0.00312027 0.0227503 0.00427923 0.0204236 0.0226929 0.0456935 0.149773 0.0748866 0.149773 0.140696 0.0534904 0.0159333 0.077882 0.0221886 0.0374433 0.0172815
133 F 3.67327 0.0401697 0.0095403 0.0127204 0.0204435 0.190806 0.0251612 0.0477015 0.00366935 0.009086 0.0442449 0.0763224 0.0477015 0.0224478 0.052038 0.0279228 0.043659 0.0127204 0.112239 0.190806 0.0106003
134 D 3.44078 0.0347026 0.0297451 0.168555 0.00543727 0.0388974 0.0229848 0.011237 0.0163118 0.0168555 0.0147856 0.0561851 0.0561851 0.0234105 0.278765 0.0404533 0.00864387 0.00828961 0.0140463 0.0140463 0.140463
135 H 3.867 0.00749683 0.0537273 0.0371958 0.0201477 0.034539 0.0214909 0.161182 0.0503693 0.0379252 0.0182784 0.120886 0.0402955 0.0235057 0.04925 0.0378427 0.0189626 0.0337357 0.00866569 0.161182 0.0633215
136 Q 3.80776 0.00701418 0.0148536 0.0148536 0.0420851 0.0505021 0.0112227 0.108219 0.0199351 0.101004 0.0170615 0.0180365 0.126255 0.00548936 0.126255 0.119337 0.0429268 0.0533473 0.0222804 0.0151506 0.0841702
137 A 3.0672 0.0185059 0.00672942 0.00326575 0.00643684 0.0484001 0.00402303 0.00616864 0.343071 0.023553 0.0549626 0.0890597 0.00336471 0.00173493 0.0141516 0.13987 0.0234408 0.00482763 0.0536672 0.00231324 0.152453
138 K 3.96237 0.0318599 0.0606854 0.022757 0.0383277 0.0278439 0.0154942 0.0140043 0.040457 0.182056 0.0265499 0.0341356 0.0712394 0.0140043 0.0910282 0.114775 0.0364113 0.0546169 0.0234911 0.0606854 0.0395775
139 H 3.97202 0.0895062 0.0128478 0.0925926 0.0235543 0.119583 0.0187048 0.141326 0.00785142 0.0403787 0.0385433 0.0256955 0.0908521 0.0494639 0.0535324 0.0524923 0.01832 0.0392571 0.0299781 0.0201894 0.0353314
140 R 3.84939 0.0306452 0.0183871 0.0189617 0.0356927 0.0735485 0.0453664 0.0919357 0.0288941 0.0311167 0.0987774 0.0303388 0.0252823 0.00809034 0.00749105 0.202258 0.119857 0.0319355 0.0275807 0.0449463 0.0288941
141 I 3.37611 0.00910056 0.0290579 0.0315486 0.00985894 0.0362383 0.008254 0.0116847 0.0788715 0.0347035 0.0266771 0.157743 0.0460084 0.0143403 0.0788715 0.0140216 0.019038 0.0289196 0.338021 0.0112674 0.0157743
142 E 3.39584 0.0146189 0.0271761 0.339158 0.141316 0.011536 0.0693961 0.0144939 0.0484511 0.057811 0.0196272 0.020188 0.0108704 0.0176645 0.0847894 0.0264967 0.0157017 0.00481758 0.0387926 0.0282631 0.00883223
143 R 3.43129 0.0104601 0.156071 0.00697338 0.0192369 0.00697338 0.0126789 0.047239 0.0103309 0.0139468 0.0360692 0.104601 0.00332066 0.0355642 0.0232446 0.0697338 0.0581115 0.291849 0.0643697 0.0205099 0.00871672
144 A 3.80536 0.235595 0.0294493 0.0201938 0.114432 0.0278994 0.0366481 0.0336564 0.0314126 0.0336564 0.0134626 0.0392658 0.0289963 0.0588987 0.0181227 0.0136577 0.112031 0.0642531 0.0434944 0.0336564 0.0112188
145 R 3.97814 0.0633881 0.0316941 0.016164 0.020205 0.074603 0.0366383 0.11207 0.01347 0.028736 0.0663137 0.0359199 0.150864 0.0237072 0.0140556 0.10776 0.0377159 0.02694 0.0277097 0.0336749 0.0783708
146 T 3.60665 0.0144251 0.0379518 0.00824292 0.0863217 0.00744153 0.0053579 0.0487082 0.151231 0.031517 0.178318 0.0267895 0.0857264 0.0104181 0.0714386 0.0296308 0.0195133 0.0267895 0.152858 0.00382707 0.00349428
147 R 3.86146 0.0154901 0.103502 0.0198349 0.0209866 0.0271077 0.0542154 0.162646 0.0428017 0.0135539 0.0524665 0.0382697 0.0116176 0.0266148 0.0677693 0.162646 0.0699997 0.0209866 0.0236576 0.0135539 0.0522792
148 M 3.77875 0.0119274 0.082001 0.0205003 0.0131202 0.0213916 0.0195241 0.0656008 0.20305 0.0693855 0.0526044 0.164002 0.0218669 0.0182224 0.0410005 0.0192944 0.0118556 0.0455561 0.0683342 0.0273337 0.0234289
149 E 3.98395 0.0209221 0.0397778 0.0213096 0.0383572 0.0215759 0.0322688 0.0986328 0.151602 0.0771181 0.0918412 0.0613715 0.085566 0.0120551 0.0474899 0.0488182 0.0174351 0.00491759 0.0650122 0.0255715 0.0383572
150 A 3.61327 0.0834124 0.106161 0.0834124 0.0166825 0.111217 0.0102661 0.276578 0.0108799 0.0208531 0.00695103 0.0398929 0.0208531 0.0324382 0.0285985 0.0188585 0.0318654 0.0272367 0.0341233 0.0278041 0.0119161
151 G 3.75007 0.00882307 0.0554422 0.0736387 0.22413 0.0124325 0.136758 0.0260491 0.0178379 0.024865 0.0125961 0.0482674 0.108266 0.0303906 0.0273515 0.0557652 0.0282947 0.0269371 0.0520981 0.0195368 0.0105198
152 L 3.90133 0.0701144 0.011018 0.0420687 0.016237 0.0289222 0.0291041 0.0146906 0.0205669 0.154252 0.154252 0.0617007 0.0243555 0.0447828 0.0154252 0.0750963 0.0241018 0.0257086 0.0333517 0.102835 0.0514173
153 V 3.05187 0.015547 0.0239342 0.00233205 0.0209884 0.257358 0.00893124 0.0128263 0.0839537 0.00411538 0.13185 0.254859 0.00499724 0.104942 0.0047701 0.00534427 0.00542804 0.00855084 0.0349807 0.00954019 0.00475047
154 D 3.92606 0.0875299 0.0154464 0.131295 0.17506 0.0412641 0.0460684 0.0562692 0.0218825 0.0231697 0.0281346 0.026259 0.0278504 0.0203733 0.0340394 0.0931 0.00820593 0.0201992 0.0525179 0.0437649 0.0475706
155 Q 2.79888 0.00159759 0.056315 0.000661072 0.207458 0.00580177 0.00678002 0.00119819 0.059279 0.00187543 0.0158895 0.0591108 0.00112771 0.00359458 0.00479277 0.00249836 0.00313863 0.056296 0.0936587 0.385019 0.0339071
156 D 3.92196 0.0473296 0.0185938 0.14875 0.10625 0.074375 0.0833 0.00572116 0.0205172 0.0255 0.00896085 0.0425 0.09625 0.0221543 0.10625 0.0224144 0.0316489 0.0383871 0.0226359 0.02125 0.0572116
157 D 3.73243 0.0231003 0.0415805 0.231003 0.0369604 0.025667 0.100101 0.0110001 0.0100436 0.0210002 0.0154002 0.0231003 0.0271768 0.012158 0.0533083 0.0274458 0.0610195 0.0149034 0.0385004 0.092401 0.134131
158 L 1.53634 0.000880804 0.000534774 0.00187171 0.00598946 0.669537 0.00161255 0.000415935 0.00140378 0.000467927 0.00748683 0.00491323 0.00213909 0.00356516 0.00149737 0.00319291 0.00154141 0.00224605 0.00308281 0.173349 0.114273
159 D 3.94224 0.0173772 0.0313755 0.169428 0.0786629 0.030805 0.0282379 0.0448485 0.0134466 0.0264731 0.0297643 0.0423569 0.12322 0.0183717 0.0390987 0.0531042 0.024204 0.059798 0.014119 0.112952 0.0423569
160 E 3.03047 0.0239235 0.0451888 0.209512 0.0616211 0.0128377 0.0340538 0.0056881 0.0146717 0.0187543 0.0168058 0.00821615 0.0231079 0.00815574 0.40177 0.0467471 0.0231079 0.00917761 0.0101169 0.0142203 0.0123242
161 E 3.7565 0.105253 0.00721733 0.142648 0.151564 0.0284182 0.0252606 0.017831 0.0202085 0.0116588 0.0134297 0.151564 0.0606255 0.0353649 0.0522634 0.0731688 0.0133733 0.0168404 0.0164743 0.037891 0.0189455
162 H 2.40375 0.0164726 0.0240307 0.0116057 0.00638315 0.0133214 0.0824899 0.0510652 0.0232114 0.0143621 0.00364751 0.0255326 0.61872 0.00531929 0.00696343 0.0235685 0.0142507 0.010213 0.0300383 0.00638315 0.0124213
163 Q 3.29551 0.0543075 0.0133291 0.00359589 0.0266299 0.0848336 0.00314383 0.00778877 0.205708 0.0152265 0.146318 0.187514 0.00333904 0.00215486 0.00873287 0.00531249 0.0085681 0.0219251 0.142189 0.0130993 0.0462842
164 G 3.81328 0.0435544 0.0627183 0.0402041 0.0451675 0.0290363 0.174218 0.0825241 0.0118785 0.00933309 0.00590568 0.0378734 0.174218 0.023229 0.0217772 0.0183387 0.0462765 0.0199106 0.0493069 0.0871088 0.0174218
165 L 3.64786 0.0148889 0.0411305 0.0172817 0.0181458 0.133069 0.00500574 0.0138254 0.0663106 0.00759041 0.0483888 0.0362916 0.0362916 0.0170257 0.0338722 0.00750861 0.0147855 0.0940126 0.100701 0.241944 0.0519295
166 A 4.08504 0.0887798 0.0478045 0.0273169 0.0488289 0.0190243 0.0175368 0.0443899 0.0355119 0.0887798 0.102693 0.0507313 0.0380485 0.0106536 0.0443899 0.0390325 0.0842847 0.0940022 0.0478045 0.0638105 0.00657628
167 P 3.27465 0.0459913 0.0222027 0.00353779 0.00766522 0.00919826 0.0355782 0.036136 0.196068 0.0229956 0.342111 0.0131404 0.0102203 0.0459913 0.0319939 0.0144854 0.018068 0.0360265 0.0795525 0.00919826 0.0198394
168 A 3.66784 0.0439724 0.00977165 0.0439724 0.0413858 0.0219862 0.0192379 0.0806161 0.0522916 0.0209393 0.0325913 0.0462868 0.0119925 0.0109931 0.067475 0.0325276 0.305093 0.0802057 0.017589 0.0439724 0.0171004
169 E 3.79337 0.011787 0.0176805 0.0680019 0.176805 0.0166797 0.0564271 0.0294675 0.0416011 0.0520014 0.00357182 0.0136004 0.11787 0.0372221 0.0785799 0.0286711 0.0168386 0.0100078 0.122156 0.0884024 0.0126289
170 L 3.72881 0.0137271 0.11366 0.0378867 0.00789307 0.0631445 0.00714844 0.0180413 0.0291436 0.0210482 0.189434 0.0582873 0.00823624 0.126289 0.0378867 0.0608058 0.0153595 0.0210482 0.0147611 0.126289 0.0299106
171 F 3.84049 0.0227851 0.0438175 0.0657263 0.0146058 0.131453 0.0606704 0.0146058 0.0123237 0.0131453 0.0792086 0.131453 0.0246474 0.015465 0.0438175 0.10665 0.0090657 0.0122282 0.0392052 0.131453 0.0276742
172 A 3.85695 0.109992 0.027498 0.0377115 0.082494 0.0481215 0.00323506 0.028385 0.00611066 0.117849 0.0150515 0.0244427 0.0174987 0.0130254 0.0766611 0.167379 0.0479452 0.064478 0.0633287 0.0173672 0.0314263
173 R 2.6203 0.0174099 0.00850074 0.00692653 0.0988821 0.00593702 0.00656197 0.0181821 0.00255749 0.00377811 0.10046 0.511178 0.00649362 0.00581828 0.102676 0.0415592 0.0207796 0.00407443 0.0178111 0.00656197 0.0138531
174 L 3.33426 0.0142087 0.0994607 0.113669 0.00710434 0.0109297 0.0189449 0.0200593 0.00366675 0.021505 0.113669 0.0663071 0.0106565 0.0352767 0.0227339 0.0277858 0.0298623 0.0189449 0.0122413 0.341008 0.0119652
175 K 3.42736 0.00346995 0.017948 0.0144581 0.00788625 0.0195884 0.00963874 0.00441095 0.0867487 0.0867487 0.282633 0.0216872 0.0500473 0.0106768 0.0506034 0.0414885 0.0136076 0.013346 0.178264 0.0325308 0.0542179
176 A 3.75692 0.148498 0.0742488 0.038322 0.0190382 0.0296995 0.0247496 0.0174703 0.0161021 0.0449993 0.0367417 0.0371244 0.0742488 0.0230996 0.222746 0.0608597 0.072574 0.0296995 0.0188997 0.00380763 0.00707131
177 R 3.50172 0.0486128 0.0631546 0.0171518 0.0413362 0.0436106 0.0587833 0.032241 0.0486774 0.00177155 0.0459273 0.0104683 0.0800217 0.000678105 0.017805 0.00241575 0.0899604 0.320285 0.00631812 0.038652 0.0321295
178 M 3.86028 0.00413937 0.0705763 0.00427735 0.0230977 0.108236 0.00967664 0.0648732 0.0326634 0.0534233 0.0624719 0.0256641 0.00570314 0.134211 0.0819596 0.105084 0.00816586 0.0367621 0.0325737 0.0303303 0.106111
179 P 3.95293 0.0118651 0.0246922 0.0276852 0.0279677 0.0435054 0.0150596 0.0130516 0.104413 0.0230323 0.0498334 0.0217527 0.0124301 0.130516 0.106234 0.088751 0.0421458 0.0860851 0.0636664 0.0870108 0.0203025
180 D 4.01823 0.0673739 0.0191154 0.0955769 0.0449774 0.139021 0.016726 0.0514645 0.0698447 0.025032 0.0126786 0.0955769 0.00868881 0.0368654 0.0173776 0.0451335 0.0364102 0.075303 0.0233632 0.0477884 0.0716827
181 G 3.92475 0.0228655 0.0724074 0.0191667 0.00987373 0.0271528 0.108611 0.0217222 0.0120679 0.0319444 0.0275148 0.0241358 0.0304111 0.0241358 0.0173778 0.0700717 0.0755555 0.0691161 0.150385 0.0620635 0.123422
182 E 3.95277 0.0516009 0.0430007 0.0392615 0.180603 0.0361206 0.0628185 0.0235569 0.0208388 0.0100335 0.0258004 0.0138925 0.0492554 0.0301005 0.0391307 0.0526759 0.0228349 0.0882015 0.0387007 0.135452 0.0361206
183 D 3.79455 0.0266123 0.0588273 0.223544 0.0406443 0.0223544 0.0255478 0.0319348 0.0496764 0.0462504 0.00843561 0.0558859 0.0171957 0.0111772 0.0638696 0.108279 0.0212899 0.019025 0.00508054 0.111772 0.0525985
184 L 3.77122 0.00379076 0.0109511 0.0213102 0.0422399 0.00386509 0.0273777 0.02464 0.019712 0.0385669 0.19712 0.131413 0.0438044 0.0752639 0.122026 0.07519 0.0164266 0.0207494 0.0532756 0.0394239 0.0328533
185 V 3.67053 0.048264 0.0292509 0.0292509 0.16088 0.02011 0.0872859 0.015569 0.0579168 0.018927 0.0837232 0.0536266 0.0146254 0.0137897 0.012066 0.0421352 0.0164536 0.0194613 0.24132 0.0134067 0.0219382
186 V 3.7538 0.100862 0.0348431 0.0227238 0.0475133 0.00622198 0.0407738 0.0248879 0.0237567 0.0129048 0.0441346 0.0871077 0.010248 0.0273561 0.174215 0.0292576 0.0162818 0.090895 0.174215 0.012444 0.0193573
187 T 3.75048 0.065858 0.00855298 0.0136848 0.0228079 0.0211309 0.0126044 0.14369 0.0478967 0.0231758 0.0262448 0.0326568 0.0904715 0.0208246 0.028738 0.0217712 0.0640203 0.239483 0.0399139 0.0342119 0.0422618
188 H 3.79887 0.0165329 0.0358212 0.0130259 0.0477616 0.0330657 0.0130259 0.143285 0.0238808 0.0226239 0.0491663 0.143285 0.0369767 0.0742958 0.169337 0.0368446 0.0254215 0.0293082 0.00651294 0.0081877 0.0716424
189 G 3.90501 0.07311 0.075034 0.0327735 0.022103 0.0447261 0.190086 0.0304138 0.0285129 0.0295689 0.0296238 0.031681 0.0190086 0.0150068 0.0362069 0.0268357 0.11025 0.0201606 0.0300136 0.126724 0.0281609
