# POSITION WT SITE_ENTROPY PI_A PI_C PI_D PI_E PI_F PI_G PI_H PI_I PI_K PI_L PI_M PI_N PI_P PI_Q PI_R PI_S PI_T PI_V PI_W PI_Y
1 M 3.92392 0.0531406 0.0274865 0.0507443 0.0289331 0.0353398 0.0397027 0.0584088 0.252376 0.0395805 0.0366487 0.02743 0.0274865 0.0238216 0.0229054 0.0274865 0.0465156 0.0299853 0.0507443 0.0824595 0.0388045
2 I 3.3548 0.0651633 0.00455687 0.00501256 0.00578372 0.242274 0.00313285 0.110276 0.0250525 0.217211 0.0100251 0.017902 0.0689227 0.00398726 0.0226759 0.0187971 0.0167085 0.0172847 0.0541129 0.0134265 0.0776947
3 E 3.61519 0.00384574 0.0185165 0.0351814 0.0165714 0.259972 0.0120677 0.112488 0.0124987 0.0738017 0.0261466 0.0166649 0.0444397 0.0312467 0.0550666 0.119987 0.0336631 0.0628965 0.00640957 0.00520778 0.0533277
4 Q 3.83177 0.0172141 0.0234738 0.0286902 0.0478171 0.00573805 0.0912871 0.00860707 0.0430354 0.161709 0.119543 0.0286902 0.0737749 0.0803327 0.0286407 0.0202136 0.0107588 0.0294075 0.114761 0.0605683 0.00573805
5 D 3.68531 0.0125679 0.00985715 0.00867921 0.0698626 0.0325286 0.0568682 0.0354857 0.0482015 0.157535 0.168035 0.00110893 0.0829599 0.0354857 0.039367 0.0138857 0.147161 0.0443572 0.0121982 0.0167572 0.00709715
6 G 3.73049 0.0449546 0.0179167 0.0121834 0.0239275 0.0557977 0.00345447 0.00111979 0.124765 0.0948806 0.00544668 0.0602001 0.0616958 0.131769 0.00477779 0.00836113 0.0903979 0.0900954 0.00939416 0.120639 0.0382223
7 L 3.308 0.0378784 0.301843 0.0201229 0.160983 0.00946959 0.0804915 0.00773957 0.00447175 0.155952 0.040272 0.017887 0.0134153 0.0340541 0.0160983 0.0225769 0.0282577 0.00574939 0.0174398 0.00804915 0.0172482
8 H 3.37555 0.0216756 0.0307072 0.0206904 0.118442 0.0162567 0.0238432 0.032427 0.00784808 0.0144504 0.0740584 0.0459014 0.03561 0.368052 0.00541891 0.0479961 0.0108378 0.0144504 0.0354692 0.0108378 0.0650269
9 A 3.96907 0.0419285 0.0419761 0.00629641 0.0375575 0.020988 0.0839521 0.0179897 0.15922 0.0839521 0.0839521 0.0299829 0.0545689 0.10812 0.026235 0.0363792 0.027161 0.013992 0.0676281 0.0419761 0.0161446
10 G 3.99228 0.0189139 0.0557461 0.050437 0.176529 0.0320963 0.0884321 0.0176529 0.0441324 0.0378277 0.0240722 0.0189139 0.0401203 0.0392288 0.0661985 0.0441324 0.0164561 0.0494282 0.119788 0.0220662 0.0378277
11 S 3.46617 0.00124461 0.0856068 0.0111642 0.0103552 0.0970799 0.0046922 0.0348193 0.076642 0.00269666 0.10161 0.0726077 0.00102189 0.0357254 0.045055 0.165036 0.00302879 0.025888 0.0191078 0.000862932 0.205755
12 P 3.85866 0.0759825 0.024867 0.0569869 0.0128622 0.0932513 0.024867 0.0573854 0.0355243 0.0186503 0.0286927 0.0266432 0.00643112 0.187137 0.124335 0.0483525 0.0621675 0.066608 0.00621675 0.0286927 0.0143463
13 A 3.78617 0.0474026 0.0172385 0.129576 0.023703 0.031604 0.0247335 0.0387867 0.0177772 0.130366 0.177772 0.00677228 0.0177772 0.00653875 0.0245203 0.065639 0.0833195 0.0694159 0.0565813 0.023703 0.00677228
14 A 4.00574 0.067408 0.0621304 0.0371354 0.0489513 0.0183567 0.0548435 0.0269232 0.00961543 0.109818 0.00480771 0.067308 0.0795458 0.104021 0.00585287 0.0494912 0.0975966 0.0653283 0.0493592 0.0134616 0.028045
15 W 4.00082 0.0178693 0.0389459 0.101259 0.0135012 0.0225021 0.138081 0.0253148 0.0178693 0.0241094 0.0810075 0.101259 0.046027 0.0405037 0.0467351 0.0591978 0.0180325 0.0337531 0.0218939 0.101508 0.0506297
16 V 3.42477 0.0590935 0.0139044 0.0176478 0.0705914 0.0032087 0.0443202 0.00470954 0.00442412 0.331098 0.0215083 0.00893852 0.036499 0.00250279 0.0424083 0.118375 0.070515 0.0278087 0.0207715 0.0521414 0.0495343
17 E 3.9488 0.0211532 0.0548417 0.0411313 0.0824185 0.0235036 0.0323174 0.0438733 0.00881384 0.0235036 0.0185754 0.0548417 0.0102828 0.180978 0.0902234 0.0639819 0.0972193 0.0241949 0.0230335 0.0639819 0.0411313
18 R 3.398 0.0135447 0.031629 0.0644984 0.159633 0.00725607 0.0416239 0.0580485 0.0161246 0.338616 0.0217682 0.0241869 0.0414632 0.0221713 0.00468133 0.0484247 0.0445039 0.00967475 0.00915179 0.0268743 0.0161246
19 L 3.7651 0.0172536 0.0540613 0.0675766 0.0284533 0.030034 0.0135153 0.0096538 0.101365 0.0270306 0.13551 0.152047 0.0193076 0.0225255 0.00750851 0.0741163 0.0207928 0.00750851 0.0675766 0.135153 0.00901021
20 F 3.91277 0.0450926 0.0992514 0.0680185 0.0863311 0.0266113 0.00728769 0.0445359 0.0461554 0.120247 0.0337535 0.0361527 0.00763472 0.0340092 0.0267215 0.164363 0.0165858 0.0721481 0.0289483 0.0267215 0.00943113
21 G 4.11586 0.0570545 0.0451681 0.101628 0.011292 0.011783 0.135829 0.0406513 0.0301121 0.0508141 0.0338761 0.0508141 0.0451681 0.0285272 0.0338761 0.0401494 0.0833873 0.0508141 0.0587186 0.0451681 0.0451681
22 Y 4.00461 0.0268039 0.100515 0.075386 0.0363933 0.0354758 0.0075386 0.0301544 0.0173968 0.0107694 0.0502574 0.075386 0.0215389 0.0228443 0.100515 0.0402059 0.0548262 0.0502574 0.0548262 0.037693 0.151217
23 D 4.10997 0.0216457 0.065968 0.115724 0.0629694 0.028861 0.0339541 0.03038 0.0679082 0.0524745 0.0384813 0.012152 0.0705491 0.028861 0.032984 0.0629694 0.0213127 0.115444 0.042532 0.028861 0.065968
24 W 3.89006 0.00608625 0.0549323 0.0617988 0.029755 0.0334744 0.116044 0.0121725 0.0267795 0.133897 0.0870334 0.0191282 0.0111581 0.017853 0.089265 0.0562758 0.0260356 0.0195267 0.0198367 0.134314 0.0446325
25 A 4.04223 0.0668516 0.0333937 0.0821998 0.10686 0.0267149 0.0296833 0.0166968 0.108529 0.0667873 0.0259728 0.0333937 0.0286231 0.023572 0.114493 0.0222624 0.0333937 0.0389593 0.0915234 0.0333937 0.0166968
26 Q 3.90595 0.0145709 0.0582836 0.0291418 0.0403502 0.0322094 0.0109282 0.124893 0.0226658 0.174851 0.0956215 0.0437127 0.0230067 0.0473554 0.0876185 0.0703668 0.0314731 0.0166525 0.00874254 0.0437127 0.0238433
27 Q 3.02968 0.00279062 0.00771781 0.00249465 0.0205808 0.00748394 0.00980039 0.205808 0.349051 0.0154356 0.0050402 0.0154356 0.0823233 0.0205808 0.0411869 0.0243228 0.00658586 0.0617425 0.107654 0.00882035 0.00514521
28 T 3.8899 0.176307 0.00626954 0.0167188 0.0227983 0.0214956 0.0214956 0.127063 0.0286608 0.0200625 0.0482987 0.100313 0.0305299 0.0413052 0.0286608 0.055172 0.0449677 0.100504 0.027358 0.0200625 0.0619578
29 I 3.80624 0.0167501 0.0167501 0.167501 0.0111668 0.0304548 0.0398813 0.0558338 0.167996 0.0372225 0.047244 0.0304548 0.0264476 0.0232641 0.120973 0.0186113 0.0812128 0.0167501 0.0609096 0.0186113 0.0119644
30 G 3.81911 0.0538164 0.107633 0.0179388 0.0146772 0.0470893 0.107998 0.00566488 0.0097848 0.0430531 0.0153761 0.215265 0.0538164 0.0191347 0.0538164 0.0453191 0.0514765 0.0157511 0.0416643 0.0179388 0.0627858
31 C 1.55114 0.00327343 0.00937626 0.00236414 0.00400085 0.00551633 0.00194694 0.00197012 0.00220653 0.70546 0.0243169 0.00315219 0.00315219 0.000859688 0.183457 0.0228534 0.00682974 0.00151305 0.00491741 0.00337734 0.00945656
32 S 3.98547 0.0337745 0.0295527 0.088658 0.0118211 0.0394035 0.0531948 0.0591053 0.0591053 0.00933242 0.0278143 0.0177316 0.0462563 0.0227328 0.0236421 0.0856008 0.177828 0.0664935 0.0812698 0.0394035 0.0272794
33 D 3.52259 0.0407624 0.0132478 0.0292016 0.0121222 0.00588791 0.113553 0.0113229 0.00827987 0.0222592 0.0263729 0.0294395 0.0153598 0.0803926 0.0128798 0.0454505 0.194467 0.24194 0.0108461 0.0441593 0.0420565
34 A 3.99449 0.140929 0.0624767 0.0413449 0.0656005 0.0369928 0.0578828 0.00826897 0.0421717 0.00878578 0.00598181 0.0127793 0.0602454 0.0393603 0.0973194 0.0520639 0.104425 0.0248069 0.0401636 0.0702862 0.0281145
35 A 3.79261 0.0481399 0.0192716 0.0137655 0.0451679 0.11563 0.0275309 0.0451679 0.0674508 0.0240896 0.0182748 0.015056 0.0903359 0.0281045 0.0240896 0.0206482 0.126336 0.207772 0.0310488 0.00802985 0.0240896
36 V 3.73753 0.019766 0.0125185 0.0834564 0.250369 0.0341412 0.0649105 0.0163284 0.0163284 0.0125185 0.0536505 0.0625923 0.0268253 0.0200295 0.0625923 0.0517067 0.0184095 0.0161528 0.125544 0.0208641 0.0312961
37 F 3.95823 0.0389696 0.0368046 0.0602257 0.0368046 0.221521 0.0401505 0.0315468 0.0259797 0.0331241 0.0672084 0.0368046 0.0147218 0.0283112 0.0276035 0.0165621 0.102335 0.0509602 0.0490728 0.0339735 0.0473202
38 R 4.00404 0.068081 0.0567342 0.0425506 0.0179161 0.0212753 0.031519 0.0486293 0.0510608 0.0709177 0.0686782 0.0283671 0.0148002 0.0296004 0.0378228 0.170679 0.106984 0.0354589 0.018236 0.0126076 0.068081
39 L 3.70847 0.014167 0.0309098 0.028334 0.113336 0.0234488 0.133046 0.0200004 0.0177087 0.0261544 0.113592 0.226672 0.0566679 0.0269847 0.0113336 0.028334 0.025592 0.0377786 0.0206065 0.0377786 0.00755572
40 S 3.56427 0.0024032 0.00991321 0.0317223 0.0216288 0.00881174 0.0194218 0.0186602 0.0513154 0.0528704 0.0049566 0.0264352 0.0158611 0.0113294 0.158611 0.0717527 0.0794704 0.229105 0.0233252 0.133567 0.0288384
41 A 3.37249 0.0892859 0.350186 0.0297128 0.0495213 0.00891383 0.012734 0.0191011 0.00660284 0.0222846 0.00307374 0.0178277 0.0411408 0.0243105 0.0721596 0.0297128 0.0668538 0.11588 0.0117287 0.0178277 0.0111423
42 Q 3.99699 0.0567729 0.0227091 0.0524057 0.102191 0.0235826 0.0147303 0.0291975 0.0185802 0.102191 0.0316649 0.0136255 0.0113546 0.116217 0.0681917 0.0764356 0.0831155 0.0947137 0.0255478 0.0340637 0.0227091
43 G 2.66488 0.00969749 0.0169706 0.0226275 0.0169706 0.019395 0.0338292 0.0238846 0.00678825 0.0339412 0.00969749 0.0169706 0.075261 0.0119793 0.0678825 0.01601 0.564957 0.0274762 0.0163854 0.00442712 0.00484875
44 R 3.83516 0.0100551 0.0268136 0.0241322 0.0241322 0.0185633 0.0950664 0.120661 0.0452479 0.127365 0.0715029 0.120661 0.0402204 0.0229831 0.0603306 0.12098 0.00804408 0.0141954 0.0185633 0.0241322 0.00635059
45 P 3.92963 0.0147107 0.0432316 0.0378276 0.151311 0.0126092 0.0118211 0.0378276 0.0336246 0.151311 0.0189138 0.0232785 0.0477823 0.0757797 0.0714522 0.0725673 0.0504369 0.036183 0.0206333 0.0756553 0.013044
46 V 3.42647 0.191977 0.0657774 0.0295645 0.0201576 0.00155058 0.10544 0.0268768 0.00474296 0.0100788 0.010995 0.0201576 0.0434163 0.0779427 0.00575931 0.00575931 0.0671919 0.249954 0.0402614 0.00895893 0.0134384
47 L 3.74985 0.00307513 0.129155 0.010763 0.0645777 0.157857 0.0167424 0.12485 0.0176121 0.069744 0.064658 0.10763 0.0215259 0.0430518 0.020393 0.0356877 0.0046127 0.00880606 0.0239177 0.010763 0.0645777
48 F 3.90998 0.016021 0.0640839 0.0854452 0.0549291 0.12855 0.0466065 0.0349549 0.0122065 0.192252 0.0534033 0.016021 0.0228871 0.0271871 0.0284817 0.0153801 0.0576755 0.0274645 0.0187563 0.0394363 0.0582581
49 V 3.9549 0.0519825 0.00706961 0.0196378 0.0523675 0.0220925 0.0673297 0.0530221 0.0530221 0.0294567 0.0690392 0.132555 0.0589135 0.0331388 0.0271908 0.0490945 0.0235654 0.017674 0.177301 0.0378729 0.017674
50 K 3.83399 0.0225596 0.0263195 0.0315835 0.0350927 0.0197397 0.0189501 0.00853607 0.0197397 0.158393 0.0236876 0.0947504 0.0338394 0.00986983 0.0526391 0.16669 0.0816813 0.074314 0.0163363 0.0789586 0.0263195
51 T 3.76157 0.019693 0.221546 0.025563 0.0123081 0.025563 0.0415398 0.0738486 0.0395617 0.00651605 0.0206089 0.0443091 0.040281 0.0158247 0.0664637 0.0210996 0.0770594 0.111133 0.00553864 0.110773 0.0207699
52 D 3.20329 0.345842 0.0909549 0.0178691 0.0361328 0.00361328 0.016424 0.00392748 0.0884302 0.00361328 0.0112136 0.00516183 0.0120443 0.00481771 0.0409505 0.00112915 0.116322 0.102188 0.0541992 0.0361328 0.0090332
53 L 3.83733 0.0737759 0.0051726 0.0094831 0.0646575 0.0336758 0.00663154 0.0905205 0.00834291 0.150868 0.0214616 0.0338682 0.0287367 0.00979659 0.043105 0.0966147 0.0353786 0.0309232 0.104889 0.0292498 0.122849
54 S 3.72235 0.0160249 0.0305738 0.011618 0.0829861 0.0105619 0.0316856 0.248958 0.0829861 0.0290451 0.0188401 0.00580902 0.0520809 0.0224865 0.0165972 0.0733772 0.116459 0.0193634 0.0337298 0.0387268 0.0580902
55 G 3.52116 0.0200308 0.0856875 0.0587572 0.0139898 0.0100154 0.0736345 0.334589 0.019328 0.0293786 0.0602261 0.0734464 0.0133539 0.0133539 0.0419694 0.032976 0.0209847 0.0146893 0.0262309 0.00489643 0.0524617
56 A 3.95521 0.0836889 0.041774 0.170894 0.0835481 0.00835481 0.00642678 0.053167 0.0303811 0.0313305 0.0175891 0.0185662 0.0626611 0.0626611 0.0501288 0.0238709 0.0469958 0.0199789 0.0835481 0.0835481 0.020887
57 L 3.86885 0.0284563 0.085369 0.0388041 0.0284563 0.0232296 0.0113825 0.0513795 0.0158091 0.0355704 0.142752 0.189709 0.0203259 0.0813038 0.0224655 0.085369 0.0269181 0.0237136 0.0224655 0.0258694 0.0406519
58 N 3.99003 0.111978 0.0178854 0.107312 0.0682897 0.0107312 0.0349389 0.0447135 0.0858499 0.0729725 0.0229955 0.042925 0.10761 0.0122643 0.0804843 0.0601997 0.0198727 0.0121946 0.0238472 0.045991 0.0169441
59 E 3.86444 0.0497761 0.0871081 0.0398209 0.174751 0.0232288 0.0435541 0.029036 0.0331841 0.0614881 0.0409921 0.0116144 0.029036 0.0337193 0.174216 0.0199104 0.0487806 0.0134013 0.0174216 0.0580721 0.0108885
60 L 3.97824 0.0371173 0.0157749 0.079325 0.0420663 0.0458905 0.0157749 0.0105166 0.0516268 0.0540852 0.126588 0.147232 0.0252398 0.0582456 0.00630994 0.0996307 0.0446954 0.0315497 0.0274345 0.0420663 0.0388304
61 Q 3.94164 0.0330731 0.0290921 0.0872763 0.0698211 0.0174553 0.0152734 0.0845202 0.037596 0.139642 0.0155158 0.0930947 0.00872763 0.0251356 0.0699564 0.0341347 0.0118844 0.0290921 0.0264838 0.0465474 0.125678
62 D 3.65297 0.0183142 0.021977 0.091763 0.295062 0.0130816 0.0686782 0.0101745 0.0249739 0.0130816 0.0316336 0.0228927 0.100728 0.0208116 0.0457854 0.0392447 0.022199 0.01546 0.0373067 0.0610473 0.0457854
63 E 3.99375 0.0448184 0.0398386 0.0448184 0.119847 0.0398386 0.0398386 0.00597579 0.015589 0.0543253 0.1482 0.0298789 0.0256105 0.0132795 0.119516 0.0379415 0.0314515 0.0398386 0.0697175 0.0398386 0.0398386
64 A 3.96477 0.13109 0.0186843 0.0653952 0.0905472 0.0653952 0.0435968 0.0163488 0.0490464 0.0653952 0.0050304 0.0373687 0.0201216 0.056053 0.0290645 0.0153871 0.0871936 0.0174387 0.0373687 0.0186843 0.13079
65 A 3.23925 0.0914504 0.0456675 0.018267 0.0240355 0.0101483 0.0319673 0.0456675 0.0091335 0.0228338 0.0265166 0.030445 0.012178 0.0319673 0.036534 0.00869857 0.0344661 0.0376085 0.438408 0.0274005 0.0166064
66 R 3.98997 0.0700366 0.0525274 0.0477522 0.0350183 0.0250131 0.0583638 0.041198 0.0097273 0.0102995 0.0724516 0.0437728 0.0397935 0.0636696 0.0404057 0.175562 0.107 0.0169443 0.0350183 0.0437728 0.0116728
67 L 3.93153 0.0232994 0.0116497 0.0213578 0.106789 0.0183067 0.047212 0.0524237 0.0147862 0.0213578 0.128488 0.0854313 0.0128147 0.103143 0.0512588 0.0640734 0.026777 0.0341725 0.0228834 0.128147 0.0256294
68 S 3.93139 0.0854259 0.0268933 0.030255 0.04034 0.00537867 0.0627511 0.02017 0.0384191 0.100043 0.0165498 0.0144071 0.0537867 0.02017 0.148621 0.133258 0.0807692 0.032272 0.0332212 0.0345772 0.0226913
69 W 4.05515 0.0377571 0.0613553 0.0306777 0.0262951 0.0613553 0.0715812 0.0245421 0.0153388 0.0204518 0.0684348 0.0818071 0.0136345 0.0446221 0.0613553 0.042682 0.0981685 0.0144365 0.0175301 0.123021 0.0849535
70 L 4.04003 0.0498807 0.0322758 0.091448 0.0514395 0.0211034 0.0205758 0.0137172 0.0411516 0.039192 0.137517 0.045724 0.022862 0.034293 0.068586 0.0285775 0.0214331 0.0548688 0.04899 0.039192 0.137172
71 A 3.99208 0.143943 0.102553 0.0391566 0.123064 0.0319054 0.0315163 0.0358936 0.0143574 0.0159527 0.0136737 0.0478581 0.0422277 0.0253366 0.0574297 0.0467451 0.0966365 0.0168911 0.050251 0.0358936 0.0287149
72 T 3.71402 0.034031 0.0605972 0.0231915 0.0260904 0.0208724 0.0635955 0.0321113 0.0120417 0.234814 0.00823909 0.0391357 0.0149088 0.0834894 0.0234814 0.0120417 0.0733794 0.157099 0.0391357 0.0260904 0.0156543
73 T 3.72622 0.075574 0.0472337 0.0145335 0.0134953 0.0222276 0.0198879 0.0343518 0.141701 0.0171759 0.0236169 0.0629783 0.0145335 0.0566805 0.0164291 0.0145335 0.0400771 0.189488 0.0333415 0.0075574 0.154583
74 G 3.59353 0.166855 0.208569 0.0115073 0.0222474 0.0111237 0.167294 0.0417138 0.00794548 0.0303373 0.0238365 0.0556184 0.00926973 0.0217637 0.0606746 0.0185395 0.0175637 0.0111237 0.0556184 0.0166855 0.0417138
75 V 3.89671 0.0420616 0.0392574 0.0321197 0.0196287 0.0588862 0.0196287 0.0392574 0.0168246 0.117772 0.10364 0.0353317 0.0168246 0.0147215 0.117772 0.00692779 0.00861749 0.0356886 0.11801 0.117772 0.0392574
76 P 3.90374 0.00575207 0.0240541 0.0481083 0.0248058 0.0132298 0.0160361 0.0300677 0.132298 0.0661489 0.0544755 0.0440992 0.0188997 0.132612 0.103948 0.0858147 0.0816305 0.0681534 0.0101767 0.0132298 0.0264595
77 C 3.95162 0.045489 0.155192 0.0220947 0.0429618 0.0386656 0.0832798 0.0257771 0.0319991 0.0118971 0.0176198 0.0773313 0.0257771 0.0159996 0.154663 0.0468674 0.0441893 0.0541319 0.0404502 0.0515542 0.0140602
78 A 3.89237 0.172156 0.0457586 0.0166059 0.0571982 0.0131996 0.0343189 0.0367703 0.0142995 0.0381321 0.031459 0.0214493 0.00903129 0.0428986 0.0428986 0.0857973 0.0551554 0.0419453 0.0381321 0.171595 0.031199
79 A 3.31513 0.034606 0.01154 0.0173099 0.0311579 0.00629452 0.0426978 0.0193871 0.245486 0.265419 0.0049457 0.00692397 0.0501988 0.0210192 0.0291536 0.0980896 0.0418323 0.0544027 0.00593483 0.00865497 0.0049457
80 V 3.81631 0.0448692 0.0285531 0.0224346 0.0142766 0.0628169 0.0336519 0.00785211 0.0966413 0.0108305 0.0493561 0.0604008 0.00826538 0.0407146 0.0241603 0.101318 0.00841297 0.00541525 0.157555 0.117782 0.104695
81 L 3.8952 0.0184713 0.0200546 0.0668486 0.1103 0.0077133 0.0546943 0.0111414 0.116985 0.0250682 0.100501 0.133697 0.0237489 0.0200546 0.0501365 0.0651774 0.0108403 0.0358118 0.0859482 0.0111414 0.0316651
82 D 4.01415 0.0345326 0.016831 0.143474 0.0476879 0.0476879 0.0504931 0.0953758 0.0268244 0.0102188 0.0114451 0.0715318 0.0858382 0.0596099 0.0357659 0.0125494 0.0195087 0.0272502 0.0715318 0.0476879 0.0841551
83 V 3.2164 0.0570884 0.00340527 0.0232178 0.0510791 0.437821 0.0378364 0.0204316 0.0136211 0.0185742 0.0276678 0.0681055 0.00638489 0.0109455 0.020896 0.0521895 0.0394702 0.0143021 0.0509925 0.0306475 0.0153237
84 V 3.76752 0.0899495 0.0674621 0.010619 0.0294066 0.0283174 0.00910203 0.026827 0.0294066 0.0159286 0.0449748 0.0254857 0.0182041 0.0123318 0.240698 0.0308918 0.0606802 0.0609441 0.127705 0.0318571 0.0392088
85 T 3.97784 0.0671824 0.0620145 0.0516787 0.0664441 0.0516787 0.0129197 0.0344525 0.0861312 0.116277 0.0250058 0.00861312 0.0664441 0.0232554 0.022148 0.0238517 0.0279573 0.155487 0.0563768 0.0310072 0.011074
86 E 4.04984 0.0307681 0.0701513 0.0649549 0.117152 0.0438446 0.0601297 0.0584594 0.0292297 0.025982 0.0334054 0.00974324 0.0219223 0.0254171 0.116919 0.0334054 0.0269813 0.0425159 0.0526135 0.116919 0.0194865
87 A 3.76198 0.11297 0.0160901 0.0375435 0.0563153 0.0482702 0.075087 0.050058 0.0132507 0.0662533 0.0102391 0.257441 0.0281576 0.0414955 0.00938588 0.0422365 0.0503874 0.0217995 0.0281576 0.0187718 0.0160901
88 G 3.95973 0.0454421 0.0397618 0.0908841 0.0159047 0.0795236 0.159494 0.0636189 0.0367032 0.0397618 0.0201965 0.022721 0.0280672 0.00795236 0.0318094 0.0734064 0.0765783 0.0176719 0.11011 0.022721 0.0176719
89 R 3.80438 0.01602 0.019224 0.02403 0.00626871 0.0288361 0.0801001 0.0640801 0.0205972 0.0137315 0.108135 0.14418 0.01602 0.0313435 0.014418 0.14458 0.108135 0.0225282 0.00801001 0.0720901 0.0576721
90 D 3.96407 0.050981 0.0346537 0.147729 0.0339873 0.0184098 0.0210398 0.0184098 0.031006 0.0368196 0.0420795 0.147278 0.0441835 0.0327285 0.092049 0.0184098 0.0265584 0.0788991 0.0184098 0.0818213 0.0245464
91 W 4.00441 0.0169926 0.0737836 0.0373837 0.0373837 0.0467296 0.0667566 0.0373837 0.0162538 0.0350472 0.0451182 0.0747673 0.0311531 0.0133513 0.059474 0.065674 0.0394898 0.00983781 0.0339852 0.187543 0.0718917
92 L 3.75389 0.0106292 0.0246873 0.0191326 0.0136662 0.0717473 0.0478315 0.0212585 0.0546646 0.0273323 0.191918 0.191326 0.0191326 0.0358737 0.0797192 0.0555463 0.0179368 0.0173933 0.0197924 0.0637754 0.0166371
93 L 4.10228 0.0204839 0.0512097 0.0768145 0.0323429 0.044602 0.0170699 0.0384073 0.0198231 0.0384073 0.154093 0.0512097 0.0236352 0.0823013 0.0682796 0.0554771 0.032588 0.0298723 0.0682796 0.0512097 0.043894
94 L 3.92531 0.0748804 0.0189172 0.0299522 0.0449282 0.0385099 0.0179713 0.0898565 0.00718852 0.0163375 0.180281 0.0599043 0.0299522 0.0449282 0.0449282 0.0638979 0.0152299 0.0706015 0.0112321 0.107828 0.0326751
95 G 3.62794 0.0213028 0.0372799 0.0447358 0.0106514 0.0213028 0.14955 0.0186399 0.0401475 0.260959 0.0186399 0.0186399 0.0149119 0.00596478 0.0745597 0.102253 0.0355046 0.00852111 0.0453842 0.0447358 0.0263152
96 E 3.73382 0.0255818 0.0359832 0.0194909 0.117367 0.0501195 0.0233891 0.0584727 0.0089958 0.0381344 0.0127115 0.116945 0.0584727 0.0179916 0.210502 0.0139221 0.0155927 0.00935563 0.0207903 0.116945 0.0292364
97 V 3.9423 0.0735408 0.0300167 0.0583657 0.0442351 0.0161628 0.0385929 0.00875486 0.045025 0.0420233 0.0607004 0.0300167 0.0525292 0.0257286 0.0150083 0.096447 0.0323256 0.0509374 0.210898 0.0525292 0.0161628
98 P 3.79708 0.0302647 0.0396193 0.0121059 0.0726354 0.0181588 0.059429 0.0242118 0.0161412 0.0242118 0.0333408 0.00907942 0.0581083 0.145642 0.217906 0.0699452 0.0415059 0.067793 0.0259412 0.020753 0.0132064
99 G 3.95241 0.0501942 0.116004 0.0725027 0.0725027 0.0334628 0.145373 0.0161117 0.0263646 0.0103575 0.0148723 0.0241676 0.00630458 0.0621452 0.0145005 0.0504367 0.0604189 0.0725027 0.0932177 0.0362513 0.0223085
100 Q 4.03722 0.0142752 0.0314053 0.0224324 0.058158 0.0523422 0.0448648 0.047108 0.0157027 0.0981417 0.0628107 0.0628107 0.0224324 0.0841214 0.157419 0.0380671 0.0392567 0.0753728 0.0314053 0.0261711 0.0157027
101 D 3.95757 0.0488383 0.0439545 0.117507 0.117212 0.0260471 0.0244191 0.00488383 0.0390706 0.0167446 0.0372947 0.0334891 0.0270489 0.0156283 0.117212 0.0117212 0.0341868 0.0532781 0.0716295 0.117212 0.0426225
102 L 3.88907 0.0727199 0.0251079 0.0687478 0.0174994 0.0137496 0.0962469 0.0213882 0.0160412 0.0549983 0.193202 0.0592289 0.0226463 0.0792622 0.0444217 0.086811 0.014437 0.0288741 0.0577482 0.0101313 0.0167386
103 L 3.77727 0.0099579 0.0241835 0.0147204 0.169284 0.0338569 0.0211605 0.0294407 0.0089097 0.0634816 0.169801 0.135427 0.028214 0.028214 0.0241835 0.0211605 0.0366783 0.0789993 0.0163824 0.0338569 0.0520875
104 S 3.82392 0.0135357 0.00928918 0.0157916 0.0315832 0.00789581 0.0622094 0.0592186 0.0350925 0.0315832 0.0631665 0.0789581 0.0131597 0.0107062 0.0249341 0.0540239 0.158474 0.110063 0.0418013 0.157916 0.0205978
105 S 3.96196 0.0351956 0.140782 0.0506816 0.0108294 0.0201118 0.0569833 0.0563129 0.0244839 0.018771 0.07919 0.0140782 0.0502794 0.0255968 0.0281565 0.0553073 0.141131 0.0703911 0.00439945 0.0469274 0.0703911
106 H 3.97396 0.0246908 0.0150888 0.0852074 0.0724263 0.0253492 0.0274342 0.090731 0.0167653 0.0905328 0.0150888 0.0226332 0.0724263 0.0885647 0.0484997 0.0905328 0.129333 0.0241421 0.0190595 0.0113166 0.0301776
107 L 3.67583 0.00722932 0.0266929 0.0179487 0.021688 0.0102061 0.0123931 0.0289173 0.0347007 0.0247862 0.174009 0.173504 0.0266929 0.08298 0.0481955 0.0279845 0.0150873 0.0277606 0.0368038 0.173504 0.0289173
108 A 3.80271 0.132842 0.0189386 0.0265141 0.0331426 0.022095 0.109515 0.0530281 0.0265141 0.00828564 0.0182856 0.0265141 0.022095 0.192357 0.0233948 0.0137142 0.0966658 0.0331426 0.0834702 0.0152966 0.0441901
109 P 3.96611 0.0587943 0.0166584 0.0333168 0.020823 0.0237977 0.0195981 0.041646 0.0222112 0.0237977 0.0967261 0.0832919 0.041646 0.16695 0.0971739 0.016121 0.0297471 0.0462733 0.0892414 0.055528 0.0166584
110 A 3.96514 0.153007 0.03814 0.0802948 0.0889934 0.00635667 0.0234708 0.0554764 0.0217943 0.0120442 0.0298487 0.07628 0.03814 0.0197763 0.0678045 0.0226015 0.090406 0.0169511 0.0653829 0.07628 0.0169511
111 E 3.89565 0.0331052 0.0286911 0.0836825 0.143915 0.0358639 0.0504033 0.0062372 0.0337543 0.0143456 0.104833 0.0286911 0.0391243 0.0163949 0.102468 0.0191274 0.0124744 0.0337543 0.0409873 0.0286911 0.143456
112 K 3.82308 0.054504 0.00563834 0.020439 0.061317 0.0233589 0.0467177 0.0700766 0.0377335 0.163935 0.0377335 0.081756 0.0163512 0.040878 0.027252 0.0240459 0.036336 0.190764 0.0116794 0.040878 0.00860589
113 V 3.57064 0.0204993 0.0189224 0.0204993 0.0614979 0.0245992 0.0215243 0.0122996 0.0175708 0.0144701 0.0171622 0.184494 0.0175708 0.0217052 0.0409986 0.0461234 0.0149086 0.0599211 0.123371 0.245992 0.0158704
114 S 3.34256 0.186606 0.331276 0.00744933 0.044696 0.067044 0.0471791 0.022348 0.022348 0.0255406 0.0249772 0.033522 0.0083805 0.0103944 0.00297973 0.0399912 0.0446579 0.00616497 0.0175591 0.044696 0.0121898
115 I 4.08684 0.0330752 0.076073 0.0553258 0.076073 0.0507154 0.0121717 0.0253577 0.15254 0.0507154 0.0120115 0.076073 0.0507154 0.0362253 0.0507154 0.0198451 0.0304292 0.0456438 0.0702213 0.0380365 0.0380365
116 M 3.93106 0.00786871 0.033723 0.0429202 0.104916 0.0168615 0.011241 0.0314748 0.108951 0.0393435 0.0286135 0.157839 0.052458 0.0244201 0.0248485 0.0874301 0.0133935 0.0786871 0.0764389 0.033723 0.0248485
117 A 3.94434 0.171441 0.0170918 0.0213647 0.102551 0.0284863 0.108766 0.0170918 0.0244168 0.0466139 0.0170918 0.0488336 0.015538 0.0197213 0.0949543 0.0532731 0.0661617 0.044312 0.0310759 0.0427294 0.0284863
118 D 3.83632 0.0613793 0.0218369 0.175367 0.0748692 0.0158814 0.0258807 0.0794068 0.0218369 0.0124782 0.020797 0.0436737 0.0582316 0.0129404 0.0419268 0.0100785 0.0334522 0.0201571 0.0485264 0.174695 0.0465853
119 A 3.89778 0.168674 0.03604 0.0420467 0.0442597 0.0420467 0.0160178 0.0840934 0.0388123 0.0186874 0.00885193 0.0336373 0.0560622 0.0162761 0.0210233 0.0203863 0.0560622 0.0210233 0.0517498 0.0560622 0.168187
120 M 3.90619 0.0149199 0.0217017 0.0358078 0.0280846 0.0298398 0.0390213 0.0341027 0.111402 0.0596797 0.19756 0.119654 0.0198932 0.0596797 0.0397865 0.0542543 0.0222064 0.0454702 0.0321352 0.0207582 0.0140423
121 R 3.96852 0.01215 0.0607499 0.1215 0.030375 0.01215 0.0539999 0.0162 0.0132545 0.0759374 0.0570306 0.0607499 0.1215 0.0274355 0.0405 0.12186 0.0441818 0.0681585 0.01944 0.0135 0.0293276
122 R 3.44323 0.0284437 0.0426655 0.0239993 0.0639982 0.0213327 0.0292563 0.0319991 0.0159996 0.127996 0.344692 0.0127996 0.00533319 0.0037646 0.0255993 0.0639507 0.0472118 0.0242752 0.0169407 0.0590753 0.0106664
123 L 3.87397 0.044866 0.0249256 0.0407873 0.0615808 0.0230082 0.0143801 0.0249256 0.0239285 0.0106824 0.150046 0.0934709 0.149553 0.0249256 0.016617 0.121512 0.0159099 0.0299107 0.0651899 0.0373883 0.0263918
124 H 3.98517 0.0404522 0.0252826 0.0659546 0.0216708 0.0219849 0.0404522 0.101374 0.0252826 0.0539362 0.0136137 0.0505652 0.0367747 0.0594885 0.0442446 0.0650124 0.0288944 0.0433416 0.018962 0.202261 0.0404522
125 T 4.04268 0.0861796 0.0560167 0.0102431 0.0448134 0.0162958 0.0448134 0.0358507 0.0162958 0.0448134 0.0094344 0.0896268 0.0827324 0.0623491 0.0896268 0.0438175 0.10508 0.089785 0.0170718 0.0344718 0.0206831
126 L 3.83905 0.0183237 0.0129793 0.0934508 0.0141592 0.0119809 0.0486723 0.0259585 0.0519171 0.0519171 0.156139 0.103834 0.0194689 0.070796 0.0259585 0.028977 0.0173057 0.0141592 0.0609461 0.155751 0.0173057
127 D 3.74102 0.0303291 0.0289505 0.106381 0.0193003 0.017692 0.0589733 0.106152 0.00442299 0.0193003 0.0408276 0.0707679 0.0471786 0.0138459 0.0404388 0.0212304 0.247688 0.00816553 0.0218548 0.0530759 0.0434258
128 P 3.95219 0.0193771 0.0581313 0.0379117 0.0174394 0.00968855 0.0435985 0.0435985 0.139515 0.0290657 0.0209273 0.0387542 0.0581313 0.1749 0.0697576 0.0435985 0.017014 0.0758235 0.0373701 0.0435985 0.0217992
129 A 4.05022 0.132871 0.0662724 0.0530179 0.0361486 0.0662724 0.0252466 0.0176726 0.0248521 0.0176726 0.0441816 0.018935 0.055227 0.0294544 0.0795269 0.0342051 0.132545 0.0172885 0.0441816 0.0441816 0.0602476
130 T 3.98002 0.0381835 0.124096 0.124096 0.0443201 0.0206827 0.0186144 0.0413654 0.0190917 0.0413654 0.0620481 0.103414 0.0510985 0.0300839 0.0310241 0.0206827 0.0398881 0.124351 0.0354561 0.0124096 0.017728
131 C 3.83284 0.0149806 0.165319 0.0395488 0.0137322 0.101407 0.0190139 0.0183096 0.0205983 0.0329574 0.0183096 0.0411967 0.109858 0.0183096 0.0219716 0.0399483 0.0499354 0.0504449 0.0387734 0.164787 0.0205983
132 P 3.87625 0.0511497 0.0217386 0.024154 0.108693 0.0434772 0.0181155 0.016722 0.0271733 0.0407599 0.0341607 0.108693 0.00931655 0.108978 0.190213 0.0355723 0.0346893 0.0565204 0.0155276 0.0217386 0.0326079
133 F 3.79206 0.0108624 0.00956924 0.0191385 0.0334923 0.201529 0.0401908 0.0334923 0.0287077 0.0162936 0.0468893 0.0803816 0.0223282 0.143539 0.100477 0.00837309 0.0535877 0.0321526 0.0669847 0.0401908 0.0118208
134 D 3.93352 0.0215179 0.055588 0.167206 0.0333528 0.041691 0.029429 0.0208455 0.0454811 0.0625365 0.013897 0.083382 0.0595586 0.0297793 0.148235 0.0347425 0.0357352 0.0147145 0.0142941 0.069485 0.0185293
135 H 3.76059 0.0203374 0.0440645 0.0220322 0.00927673 0.0146882 0.0377695 0.176788 0.0117505 0.0125898 0.0264387 0.0352516 0.144211 0.0308451 0.0330484 0.0459803 0.0480703 0.0185535 0.0528774 0.176258 0.0391684
136 Q 3.90347 0.0121575 0.0293806 0.00783483 0.0940179 0.0313393 0.0223852 0.0783483 0.024315 0.0671557 0.0163985 0.0156697 0.0587612 0.0587612 0.117834 0.107729 0.0607875 0.0671557 0.0040525 0.117522 0.00839446
137 A 2.79746 0.0171696 0.00447063 0.00101434 0.0229918 0.0459836 0.00383197 0.00323322 0.439718 0.0295609 0.044834 0.0402357 0.00431096 0.00344877 0.0136762 0.109211 0.00710041 0.00184756 0.0436168 0.00246341 0.161281
138 K 3.84372 0.0562324 0.112465 0.0337394 0.0674788 0.0337394 0.0120498 0.0674788 0.0562324 0.169124 0.0120498 0.0168697 0.00937206 0.0355152 0.0129767 0.0766805 0.0224929 0.0168697 0.0337394 0.0168697 0.138025
139 H 4.02387 0.0503834 0.0232539 0.052574 0.0213389 0.0483681 0.0190927 0.121271 0.024184 0.03023 0.0457536 0.0604601 0.130222 0.0954633 0.0967362 0.0355648 0.0423221 0.0201534 0.024184 0.0100767 0.0483681
140 R 3.95235 0.0254388 0.0763165 0.0381582 0.0436094 0.0416272 0.0195683 0.0915798 0.0436094 0.0109024 0.0508776 0.0254388 0.0240999 0.0134676 0.0872188 0.152988 0.126088 0.0381582 0.0145365 0.0152633 0.0610532
141 I 3.18387 0.0177062 0.0262826 0.0232012 0.0280348 0.0841044 0.0127431 0.0210261 0.0842841 0.0120149 0.0154478 0.0229376 0.0420522 0.00600746 0.0210261 0.0222629 0.0070087 0.0221327 0.428933 0.0841044 0.0186899
142 E 3.92329 0.0198172 0.0419659 0.0237807 0.178853 0.0198172 0.0802599 0.0445888 0.0743147 0.107013 0.055736 0.0222944 0.035671 0.0145596 0.0891776 0.0118903 0.035671 0.0396345 0.0267533 0.0713421 0.00685982
143 R 3.8266 0.0182171 0.109303 0.0291474 0.0156147 0.0132488 0.0295413 0.032386 0.00285759 0.0242895 0.0537839 0.0546514 0.0132488 0.0600094 0.0364343 0.0729468 0.0455429 0.228726 0.0819771 0.0416392 0.0364343
144 A 3.75326 0.154686 0.0205639 0.0514097 0.173508 0.0268225 0.0685463 0.154229 0.0237276 0.0102819 0.0118638 0.0385573 0.0265912 0.0362892 0.0192787 0.0106365 0.0630938 0.0514097 0.0114244 0.0308458 0.0162347
145 R 3.84765 0.0426118 0.0430422 0.0197277 0.0131518 0.0946929 0.0430422 0.093447 0.0118366 0.0295915 0.104019 0.0147958 0.177549 0.00946929 0.0394554 0.118569 0.0443873 0.0394554 0.00789108 0.0236732 0.0295915
146 T 3.74749 0.020658 0.0683375 0.00924868 0.104494 0.0215803 0.0107901 0.0395638 0.143868 0.052014 0.116087 0.0287737 0.0215803 0.00423142 0.0839232 0.0475391 0.0250206 0.0286945 0.160953 0.00479561 0.00784737
147 R 3.82639 0.0170989 0.0559001 0.0290681 0.0242234 0.0436021 0.0851995 0.0242234 0.0170989 0.0138419 0.0376808 0.0207629 0.0290681 0.0581362 0.121117 0.145736 0.179538 0.00660638 0.016516 0.0363351 0.0382475
148 M 3.95378 0.016598 0.0217051 0.0519779 0.0217051 0.0320643 0.0264531 0.015116 0.0816796 0.0564332 0.0705415 0.141406 0.0313518 0.00940553 0.0470277 0.0306702 0.0429383 0.0651152 0.0858766 0.141083 0.0108525
149 E 3.90322 0.00821515 0.0468408 0.0382568 0.0341903 0.0213936 0.0312272 0.0929095 0.113499 0.0744126 0.0814995 0.0513447 0.178484 0.0171149 0.0420093 0.0240876 0.0116527 0.00887439 0.0650366 0.0171149 0.0418364
150 A 3.57946 0.111412 0.0493962 0.0111141 0.0617452 0.0370471 0.0107556 0.317547 0.00653773 0.012349 0.0205817 0.0277853 0.0444565 0.0396933 0.0666848 0.025348 0.0590438 0.0198467 0.0409468 0.0138927 0.023816
151 G 3.62732 0.0286711 0.0541564 0.0365556 0.18684 0.0203087 0.122172 0.0105958 0.0110775 0.0116049 0.0116049 0.0174074 0.223395 0.0332324 0.030463 0.0660031 0.0249953 0.0270782 0.0338478 0.00937323 0.0406173
152 L 3.82422 0.0363208 0.0113503 0.0139695 0.0194576 0.0315833 0.0315833 0.0259434 0.00672607 0.111756 0.182151 0.0518869 0.108962 0.0573486 0.0129717 0.0847485 0.0201782 0.0129717 0.0227005 0.0605347 0.0968555
153 V 2.91177 0.00740734 0.017429 0.00370367 0.0065843 0.217282 0.00507932 0.00987645 0.0938263 0.0296294 0.0760754 0.355552 0.00623776 0.101851 0.00740734 0.00223618 0.00483745 0.00931208 0.0295883 0.00423277 0.0118517
154 D 3.76704 0.0943357 0.0205823 0.113456 0.0261237 0.0188671 0.066035 0.0113203 0.0242578 0.0377343 0.0226406 0.226406 0.0242578 0.0217698 0.0174158 0.105899 0.0109551 0.0174158 0.0273248 0.0566014 0.0566014
155 Q 2.88815 0.00359528 0.0878277 0.00142231 0.153313 0.00520032 0.00667696 0.0040447 0.161788 0.000990538 0.0106147 0.0303765 0.000660358 0.0043336 0.00448602 0.0028186 0.00195568 0.0596304 0.0754593 0.348537 0.0362689
156 D 4.08195 0.0677246 0.0223567 0.121039 0.0301816 0.0603632 0.0362179 0.0301816 0.0371466 0.0213047 0.0265009 0.120726 0.0862332 0.0603632 0.0689865 0.0254161 0.0321937 0.0528178 0.0172466 0.0226362 0.0603632
157 D 3.8705 0.0185286 0.00823492 0.223023 0.0416893 0.0277929 0.100054 0.0277929 0.0277929 0.0416893 0.020213 0.0741143 0.0889372 0.0317633 0.0555857 0.0342066 0.0117023 0.0317633 0.0444686 0.0222343 0.0684132
158 L 1.17833 0.000947893 0.00151663 0.00758315 0.00108331 0.814767 0.00071092 0.00505543 0.00144441 0.000842572 0.00751405 0.00758315 0.000758315 0.00270827 0.00379157 0.00297909 0.00379157 0.00312247 0.00151663 0.061929 0.0703547
159 D 3.95232 0.0208 0.0312 0.125065 0.104 0.0226909 0.0215172 0.0623999 0.0170182 0.00623999 0.02496 0.0312 0.0415999 0.0113454 0.0262736 0.0707199 0.0256 0.0660705 0.0767999 0.1248 0.0896999
160 E 3.34184 0.034671 0.0312039 0.216941 0.0624967 0.0197077 0.0401193 0.0108535 0.0312039 0.0336042 0.0120789 0.0208026 0.0133731 0.0164231 0.318973 0.0475488 0.0130016 0.00567344 0.0089154 0.0416052 0.0208026
161 E 3.97025 0.0753427 0.025551 0.065297 0.196538 0.0326485 0.0373126 0.0712331 0.0376713 0.069138 0.0264717 0.0195891 0.0602741 0.00932814 0.0816212 0.0367296 0.0142466 0.0290209 0.0489727 0.0178083 0.0452056
162 H 2.57382 0.0114745 0.0550778 0.0137694 0.0275389 0.0110156 0.0884583 0.055132 0.00550778 0.0275389 0.0084017 0.0183593 0.576697 0.00847351 0.0100141 0.0110156 0.0120483 0.0140624 0.00869649 0.0275389 0.00917963
163 Q 3.21753 0.0664961 0.010692 0.00460864 0.00790052 0.075055 0.00518472 0.0129042 0.233784 0.0122897 0.122458 0.198171 0.00691296 0.0014402 0.00910657 0.00489668 0.00785175 0.0173911 0.141716 0.00614485 0.0549964
164 G 3.80793 0.0196728 0.106079 0.0546467 0.040985 0.032788 0.164511 0.16394 0.00546467 0.0204925 0.0065576 0.0546467 0.0546467 0.016394 0.01171 0.0334572 0.0370187 0.0105768 0.0889961 0.040985 0.0364311
165 L 3.98673 0.0207431 0.0974296 0.00835111 0.0146144 0.0997221 0.0129906 0.0334044 0.0519625 0.0292289 0.05849 0.0584578 0.0584578 0.0360697 0.0259812 0.0164412 0.0116916 0.0909343 0.111348 0.0584578 0.105224
166 A 3.97567 0.104919 0.024932 0.0285585 0.0366501 0.00872621 0.0136584 0.0299184 0.0551129 0.104715 0.129148 0.0523573 0.0246387 0.00654466 0.0209429 0.0523573 0.0615968 0.0756272 0.0369581 0.104715 0.0279239
167 P 3.42493 0.0307787 0.0430902 0.00579365 0.00428226 0.024623 0.0597987 0.0164153 0.159463 0.00724206 0.297714 0.0656613 0.00518379 0.0491788 0.0152832 0.0215451 0.0164153 0.0237739 0.112719 0.024623 0.0164153
168 A 3.75938 0.0410853 0.0164369 0.00587033 0.0890334 0.0410923 0.0129765 0.0221266 0.0616385 0.102731 0.0230117 0.0410923 0.00273949 0.00547898 0.0547898 0.0270344 0.227588 0.0821847 0.035222 0.0770481 0.0308193
169 E 3.93897 0.0295725 0.03943 0.0739312 0.148391 0.0211232 0.0454961 0.0403261 0.0184828 0.0443587 0.032144 0.0369656 0.0821457 0.01573 0.0434889 0.0239777 0.0207526 0.018876 0.103504 0.147862 0.013442
170 L 3.91718 0.00473191 0.0793158 0.0504737 0.0504737 0.0648948 0.0460847 0.0100947 0.0189276 0.0252369 0.151863 0.0465911 0.0189276 0.0547693 0.0151421 0.0557867 0.0174717 0.0378553 0.0242274 0.151421 0.0757106
171 F 3.89302 0.0693713 0.0294828 0.00701971 0.0184268 0.147837 0.0368535 0.073707 0.024569 0.098276 0.147414 0.0260142 0.0294828 0.0655173 0.024569 0.0655173 0.0333768 0.00755969 0.0631774 0.0134013 0.0184268
172 A 3.89087 0.107749 0.015357 0.0597216 0.150498 0.0322497 0.00826915 0.035833 0.010078 0.0238886 0.0286664 0.0806242 0.0644993 0.00811312 0.0501661 0.0817926 0.0716659 0.0146589 0.0982847 0.00413457 0.0537494
173 R 2.86562 0.0533374 0.0152393 0.00415616 0.0800061 0.00571472 0.0103904 0.0228589 0.00415616 0.00685767 0.10038 0.466321 0.0072186 0.0101595 0.102865 0.0457361 0.0178896 0.0152393 0.0148274 0.0060957 0.0105503
174 L 4.00081 0.0114275 0.0408124 0.0085706 0.0380916 0.0685648 0.0146925 0.0201661 0.0311658 0.0685648 0.171804 0.0761832 0.042853 0.085706 0.0571374 0.0285687 0.0685648 0.0214265 0.0342824 0.042853 0.0685648
175 K 3.50584 0.0158773 0.0158773 0.0264622 0.01832 0.0176414 0.00992331 0.00661554 0.158773 0.0795037 0.221815 0.00882072 0.0793865 0.00774502 0.0436626 0.01832 0.00844537 0.0158773 0.150834 0.0793865 0.0167129
176 A 3.86026 0.147233 0.016311 0.094371 0.0200181 0.0489331 0.0380591 0.00772628 0.016311 0.0326221 0.0333635 0.0733996 0.0293599 0.0225845 0.0677535 0.0500452 0.185095 0.0222423 0.0150563 0.0244665 0.0550497
177 R 3.46378 0.0450732 0.0900791 0.00887346 0.0379139 0.0587723 0.046123 0.0459807 0.0407006 0.00242004 0.0427988 0.036603 0.0319445 0.00089631 0.0101641 0.00225292 0.112805 0.320934 0.00583656 0.0311916 0.0286371
178 M 3.93374 0.00566941 0.0419043 0.0141735 0.0377961 0.13787 0.00850411 0.0590563 0.00969767 0.0645683 0.0622403 0.0282334 0.018898 0.130063 0.0708676 0.0732299 0.00536295 0.0457914 0.0623635 0.0512076 0.072503
179 P 3.92927 0.0247637 0.0297164 0.0185728 0.0123818 0.0270149 0.0141507 0.042452 0.119824 0.0371455 0.0457176 0.0371455 0.0495274 0.14904 0.139296 0.0851871 0.0268522 0.0566027 0.0495274 0.0185728 0.0165091
180 D 3.93008 0.0721769 0.0180442 0.0722906 0.0283552 0.209969 0.0376575 0.0131231 0.108265 0.0216531 0.0180442 0.0360885 0.0360885 0.0463994 0.0154665 0.0485806 0.0360885 0.0493842 0.024059 0.0481179 0.0601474
181 G 4.00674 0.0248593 0.0558286 0.0726658 0.0108999 0.0544993 0.109276 0.0242219 0.0495448 0.0108999 0.0225514 0.108999 0.0363329 0.00838451 0.0204372 0.0449836 0.0840198 0.0435995 0.108999 0.0272497 0.081749
182 E 3.91683 0.087768 0.051065 0.0567389 0.128037 0.0212771 0.0417358 0.0255325 0.0106385 0.0255325 0.0212771 0.127662 0.0812398 0.0182375 0.0182375 0.0232114 0.0121583 0.0709236 0.0255325 0.127662 0.0255325
183 D 3.56425 0.00921838 0.011523 0.185058 0.0307279 0.0460919 0.0216903 0.0425464 0.0144602 0.0526765 0.0105353 0.184368 0.0167607 0.0102426 0.0283643 0.0709106 0.0190725 0.0345689 0.00838035 0.184368 0.0184368
184 L 3.91061 0.026419 0.0184933 0.0168121 0.0652705 0.034675 0.02774 0.0924666 0.0616444 0.0252182 0.185553 0.0924666 0.0118042 0.0660476 0.0667814 0.0875999 0.0174465 0.0108784 0.0146 0.0369866 0.0410963
185 V 3.75063 0.0413868 0.00902985 0.0120398 0.0902985 0.108358 0.0120398 0.0128998 0.0386994 0.060199 0.0349543 0.180597 0.0225746 0.0200663 0.0257996 0.043929 0.0311374 0.0128998 0.181172 0.0257996 0.0361194
186 V 3.94267 0.0638576 0.0287359 0.0212859 0.0191573 0.0319288 0.0435393 0.0957864 0.0308988 0.0159644 0.0658531 0.0191573 0.0696628 0.0308988 0.0239466 0.0273675 0.0123595 0.0957864 0.192063 0.0638576 0.0478932
187 T 3.81258 0.0563334 0.0627715 0.0292934 0.0292934 0.00915418 0.00770878 0.0366167 0.00976446 0.0112667 0.0122056 0.146467 0.0732334 0.0209238 0.0549251 0.0203426 0.0374683 0.146839 0.0610279 0.146467 0.0278985
188 H 3.9418 0.0306372 0.0886291 0.0196954 0.0689337 0.0275735 0.0106052 0.138291 0.0025531 0.0229779 0.0450721 0.0344669 0.055147 0.0848415 0.137867 0.0480933 0.0237703 0.0459558 0.011489 0.0689337 0.0344669
189 G 3.97661 0.0501492 0.100298 0.0250746 0.0501492 0.0286567 0.20114 0.0250746 0.0401194 0.0401194 0.0286567 0.0501492 0.0401194 0.0276685 0.0286567 0.0668657 0.0925832 0.0182361 0.0411481 0.0250746 0.0200597
